20190212,528131101,1247,1550010366.3169231,123.48090711762839,6936.756904177785,83.0347127316385,1550010350.637551,304.4748098515526,[59.59327293 118.17316509 178.58507305],[19.45304139 2564.47215321 15.08979591 2.64570257 6.7111288 14.08943733 22.82975574],__,-44.70999999999998,304.4748098515526,0.06519829820110723,
20190212,528131101,1248,1550010357.2096233,124.00211499355368,6897.606125993133,81.87018173019369,1550010340.0856054,304.4620435083975,[59.86543198 119.99242885],[17.69143563 2374.46400983 15.06497496 2.44944408 6.50830584 12.27925175],__,-44.72999999999999,304.4620435083975,0.05747481194042265,
20190212,528131101,1253,1550010322.5237422,125.87694420025035,6877.310423714894,94.11783730653869,1550010309.306878,304.408882944575,[59.34021975 118.81739147],[19.7549167 2390.61600265 14.70260761 2.44945333 7.32428099 14.93269782],__,-44.819999999999965,304.408882944575,0.042267646616549005,
20190212,528131101,1254,1550010314.7692683,124.6808618806031,6924.41099292754,94.364008345487,1550010301.9306056,304.3976955872494,[59.72200839 119.49093927 179.14466648],[18.01603649 2508.56111611 12.91503694 2.64567352 5.8755245 11.62416693 19.1094199],__,-44.839999999999975,304.3976955872494,0.060948552942047735,
20190212,528131101,1263,1550010252.29633,124.07650861712993,6832.945075969779,94.82008331851729,1550010239.4924629,304.29927415957553,[61.06768731 122.30759943 184.1313429],[19.2639719 2545.28044219 14.48204608 2.64569405 6.49471336 12.34024372 20.76490884],__,-44.99999999999997,304.29927415957553,0.048299986383729725,
20190212,528131101,1300,1550009992.7188888,129.92023238381745,6948.4594481042495,99.71949569241174,1550009984.978006,303.9168534831585,[61.08644269 122.27291798 183.58390595],[17.05860546 2424.29481302 11.09140951 2.64562913 5.32173902 10.08441176 17.20499292],__,-45.639999999999986,303.9168534831585,0.05016276153910787,
20190212,528131101,1304,1550009965.883775,131.64425840646769,6877.063770253653,99.4575841226468,1550009957.7235644,303.8744466533729,[59.85174215 120.07907768 179.64069491 240.11510358],[18.93418744 2545.79984726 10.92375014 2.82827749 5.52470825 9.56877626 15.32772951 18.21999224],__,-45.70999999999998,303.8744466533729,0.14387988911871444,
20190212,528100746,1232,1549993686.3155115,125.43991920185944,7257.388859278985,84.599694021596,1549993664.8460393,305.59452386109245,[58.53325464 117.17382982 175.90137379],[19.0133865 2524.64671438 12.22432883 2.64567706 6.79457355 12.53536741 21.37329395],__,-42.839999999999975,305.59452386109245,0.042401389765294076,
20190212,528100746,1234,1549993700.3476908,126.30274022413832,7067.622366003582,87.99228093695211,1549993682.0999806,305.573187904702,[57.70443551 115.47453607 173.27535297],[15.58326324 2392.29396219 10.62846963 2.64561101 5.23389799 8.46585218 13.93605796],__,-42.87999999999997,305.573187904702,0.03491993320314707,
20190212,528100746,1242,1549993750.1833832,129.3405224485287,6918.27086933222,88.56956804402664,1549993732.787753,305.48985476591474,[58.29453911 116.49869485 174.7492691],[16.28801105 2366.26631746 11.07320073 2.64560291 4.78962336 7.84024318 12.88520127],__,-43.02999999999997,305.48985476591474,0.07008414974259962,
20190213,528269862,1160,1550076307.7984676,130.43660935771177,5249.073463617028,82.18893795012956,1550076281.3128152,304.3097445006365,[59.56150486 119.17762251 178.11842895],[18.7845546 2259.51308897 6.99358393 2.64563119 5.80359196 9.91880091 18.02396244],__,-44.98999999999998,304.3097445006365,0.07842464119294126,
20190213,528269862,1161,1550076314.9807935,129.89922836400615,5478.476841598966,81.54149592121388,1550076288.0931904,304.30850635644987,[43.50149086 59.82726235 77.87881141 119.39789772 178.52232051],[20.2131285 2503.7755407 7.89931164 2.99983679 9.04840679 6.55784908 10.0020573 11.13298163 18.73710474],__,-44.98999999999998,304.30850635644987,0.10408607016129842,
20190213,528269862,1168,1550076356.2472456,132.3207235891542,5203.1529780469455,81.35116479254172,1550076328.4850526,305.4405373948222,[15.06894136 60.7441971 79.25875045 122.50044827 182.74728085],[20.39950957 2463.13962874 7.34841671 2.99984097 5.77799329 6.43212087 9.86937036 11.05846124 19.01830998],__,-43.099999999999966,305.4405373948222,0.08497254751689765,
20190213,528269862,1169,1550076364.2363093,129.35418472684734,4910.59049026083,82.42870589199815,1550076337.4590394,305.4444002813373,[14.87165393 30.49339246 61.07362859 78.67319592 121.93903239 183.09581497],[18.55236198 2330.2363292 7.55902518 3.16207068 7.23950861 9.18993183 5.63252015 10.10706104 8.88537867 16.14868558],__,-43.099999999999966,305.4444002813373,0.10144437428259792,
20190213,528269862,1175,1550076401.2533002,130.51161311435783,4808.452789965656,86.09589961344162,1550076377.4932358,306.64059387408145,[60.80638305 122.04677208 180.51587028 241.44314774],[15.40943183 1950.99564831 6.85942427 2.82822506 4.78794083 7.48775087 14.72894624 17.38215215],__,-41.099999999999966,306.64059387408145,0.10177147317400267,
20190213,528312446,1196,1550099141.4597604,142.47765914812942,6199.5298184931125,80.64254246108837,1550099113.652233,302.5625372043492,[60.39870535 80.86819775 123.78796343 186.24922657 243.82963465],[15.74748178 2166.20536439 7.06621489 2.99967455 5.28619141 8.54380528 8.91024002 15.87120458 16.01922268],__,-47.889999999999986,302.5625372043492,0.19683965827424388,
20190213,528312446,1199,1550099123.8339705,138.8406959510933,5828.649379527143,84.41089942770753,1550099099.5699532,302.5683191181174,[59.75343087 120.04327561 179.16498542 237.77043248],[18.30074601 2313.63378348 7.42916233 2.8282352 5.34497346 9.93153431 18.23408045 19.87786876],__,-47.889999999999986,302.5683191181174,0.08246013799152932,
20190213,528315197,1208,1550092180.8830788,144.05777469331383,5987.728903895937,86.25467664278688,1550092158.8682888,302.591923513275,[58.18397364 116.13861251 174.32672795],[18.49386542 2309.46887105 6.49123168 2.64561166 5.88604134 10.51428641 17.10720505],__,-47.849999999999966,302.591923513275,0.13009298811618172,
20190214,528505895,1021,1550187287.5705833,145.81465680751603,6459.799605781652,91.01768331253929,1550187270.501713,308.9947072534961,[58.39953916 83.0747821 116.2635509 159.82493223 230.52654138],[18.57122915 2552.01316347 7.56392683 2.99979933 5.78229224 9.6375279 9.65981522 15.92661621 20.57702085],__,-37.17999999999998,308.9947072534961,0.15138645095469225,
20190214,528467840,1081,1550165798.27423,116.2932895069823,6973.9605877713275,61.21231298992119,1550165753.330046,303.73083266827393,[14.82193851 30.01476478 60.66416763 121.38583014 182.23419792 242.38058808],[31.09194151 3032.88467666 23.82686477 3.16220716 12.45162101 10.39622534 7.72796901 13.01303997 18.28037609 26.43398779],__,-45.94999999999999,303.73083266827393,0.056073224009701286,
20190214,528466553,1097,1550165290.901515,141.2998314552751,6135.151755077916,107.74835809161368,1550165291.063334,306.3888567291672,[58.06415536 115.91386384 172.72222471 210.50983062 230.39502223],[19.60666586 2423.73444902 7.68391452 2.99977218 5.73570613 9.68849407 16.2496923 19.44713433 19.62169341],__,-41.51999999999998,306.3888567291672,0.11207619384885496,
20190214,528466553,1109,1550165212.1098206,140.2776296083751,5671.308713378511,107.43505068669647,1550165211.4245322,306.2717639784186,[29.57714541 44.17457431 58.94700093 74.32425322 118.1303862 147.51696021 176.99999433 234.23527376],[21.27208462 2703.36885313 8.10031813 3.46384586 6.81690224 8.22119323 6.20367781 13.1268285 10.362959 18.78627677 18.554719 28.93844284],__,-41.71999999999997,306.2717639784186,0.0591104466724363,
20190214,528445164,1173,1550158750.7401662,123.07459123521592,5482.345756754432,109.21429420079777,1550158751.4767504,306.0180168410501,[60.50246077 121.05972813 181.56475315 240.94243449],[20.19503296 2476.01176481 9.14745835 2.82830982 5.96352958 9.30020396 15.5852122 22.36417245],__,-42.139999999999986,306.0180168410501,0.04984557809212159,
20190214,528445164,1176,1550158771.447178,123.52755651259068,5352.73983489779,110.81081933591652,1550158773.414614,306.3284996462295,[29.49349089 44.51151676 60.21044285 120.37958474 180.49956665 241.66969339],[18.80561489 2451.22489985 9.4987946 3.16206781 7.88839397 8.81312311 5.35758857 9.89522267 17.02839165 24.18217202],__,-41.619999999999976,306.3284996462295,0.07580210125888728,
20190216,528843896,1130,1550338087.5463407,142.73397011696505,6577.005007835221,33.83037283442925,1550338014.9188561,306.96550168824507,[14.7307528 29.67294273 40.80504021 59.73805799 119.65462758 154.729489 179.6619493 237.98940003],[24.21435225 2914.16778042 12.54947967 3.46384971 9.45825562 9.8491718 9.84925007 6.35381027 9.24428686 15.32689656 16.91365594 20.23599007],__,-40.559999999999974,306.96550168824507,0.1220298674461196,
20190216,528889538,1223,1550357056.088963,118.4138672890305,5415.106148289269,96.68585128130523,1550357043.1641057,313.5472894823822,[30.43163192 61.39037203 122.76506508 184.16945353 244.29661806],[20.38344285 2513.64891742 10.97372848 2.99985495 8.72104007 5.27488721 8.37367732 12.7328598 20.90735167],__,-29.589999999999975,313.5472894823822,0.04162408727033516,
20190220,529597826,1131,1550702054.665057,112.33177175084253,5802.421462564028,95.34824251591783,1550702041.4781926,308.37491262288916,[15.17794619 28.87562781 60.85909941 121.82029777 182.47626585 243.02382982 80.99030747],[21.93580484 2988.18410196 14.86597202 3.31650401 6.57531991 10.2611245 5.97367246 10.10764071 17.07772037 21.84825286 10.89082411],__,-38.20999999999998,308.37491262288916,0.058145935953444965,
20190222,529813043,1180,1550804938.349272,125.23169477399519,5295.88382133789,90.99866374087925,1550804920.3602006,305.0582069386004,[62.27590087 124.7360445 186.62793031 247.79183147],[16.74674511 2162.38562156 8.47634163 2.82823399 4.73530056 8.09111833 15.14124674 18.54784598],__,-43.73999999999998,305.0582069386004,0.06121636808258317,
20190222,529965781,1250,1550876927.4416323,144.60338525075755,6782.037266357546,107.40080692929942,1550876927.235922,305.35048114530383,[29.60618803 44.63098332 59.16072859 118.49116972 177.36161737],[19.11754092 2643.59558304 9.2103398 2.99981651 7.03244809 7.29353172 6.11625701 11.1036332 20.41476989],__,-43.24999999999997,305.35048114530383,0.04264747534614717,
20190222,529965781,1251,1550876922.2903926,144.39830087646268,6700.714328925112,107.03303453625863,1550876921.62643,305.3511803316835,[29.73833866 44.52226583 59.31325367 118.84742752 177.94147533 237.46613345],[19.55817464 2662.64966475 9.36738116 3.16203564 8.0327281 8.23852025 5.69846163 10.45385986 18.35230565 25.03246829],__,-43.24999999999997,305.3511803316835,0.06028850027374762,
20190222,529924368,1122,1550858592.202579,98.5471910006083,6769.935690919549,106.17712575897801,1550858592.054463,303.03624958632884,[30.16843849 45.69402997 60.80343397 121.69640717 182.54570511 242.40149905],[17.13463146 2929.55346808 18.93418305 3.1621587 9.75225416 10.49383981 5.58969775 9.0332676 14.7613651 20.3527199],__,-47.109999999999985,303.03624958632884,0.04222213528691072,
20190226,530637329,1072,1551201895.8049939,112.36281762846508,6005.579489133585,108.07982640056096,1551201895.678784,314.0747514250897,[60.5256955 121.21875821 181.52566552],[18.18248983 2459.64670832 13.98348899 2.64567851 5.25330633 9.89176339 16.76945046],__,-28.70999999999998,314.0747514250897,0.02658209619237442,
20190227,530718012,1160,1551235840.9670424,136.2700833434813,5747.8555378583005,107.21572730784804,1551235839.5745924,315.3105782808906,[29.48731717 43.46104766 59.36118359 118.5878043 177.4523805],[19.58711831 2462.02107992 8.5440638 2.99982043 10.48633023 9.17551575 5.56573493 9.21598808 16.65444732],__,-26.649999999999977,315.3105782808906,0.052002335316591514,
20190227,530837746,1184,1551290837.3574698,145.40924311383347,5133.163905047048,111.75913221518775,1551290839.8373373,315.63069575718293,[29.3192568 44.24620554 58.4782846 117.41732972 175.36363307 232.53906363],[18.38550821 2132.32720887 7.03672252 3.16202369 7.04104364 9.01681591 5.04405267 8.93142458 16.17353705 18.24048144],__,-26.119999999999976,315.63069575718293,0.07675496285608815,
20190228,530900752,1138,1551314158.1376908,114.05972476709442,5947.535345420727,98.04495949262441,1551314147.9193883,312.4310155139169,[15.48314826 46.69223319 62.0164766 80.09377953 124.12159045 186.04519033 247.7455531],[19.60003371 2799.18188079 13.50005508 3.31643936 6.88217167 10.05251573 5.50708583 11.46518511 9.90431269 15.60594595 23.13318983],__,-31.44999999999999,312.4310155139169,0.07255148628419525,
20190311,532880874,1118,1552274913.8739796,122.94868127014678,5581.173007314636,106.77673018801033,1552274912.1842659,307.11731300065907,[15.47495751 30.3716222 45.42757451 61.00965709 122.0562582 183.55536025 243.53158789],[20.07791565 2632.60038978 11.22300058 3.31640529 6.74199906 12.97284209 11.38073783 5.60213053 8.93824367 14.3734187 21.05008262],__,-40.309999999999974,307.11731300065907,0.07627640877462052,
20190316,533819833,1116,1552707128.6759079,112.37787853704529,5958.209772369996,105.87789641880576,1552707126.4141095,309.4616100376945,[15.15513896 30.63621148 45.43449633 61.46668098 79.56724429 90.11828231 123.0519119 184.37892861 245.56237764],[21.70007681 3148.93619059 15.47552316 3.60538037 8.77152026 9.48268102 13.19004388 5.9409574 12.29599095 14.52846476 9.16972964 15.76895863 21.73236281],__,-36.39999999999998,309.4616100376945,0.07156253334852106,
20190318,534251910,1153,1552919632.0747626,140.71227733417413,5337.110201528772,108.58530366830614,1552919631.8748567,308.25114855377774,[14.13369426 28.70649347 42.87669715 58.09720677 116.2691469 174.56147112 233.26822083],[18.30489201 2315.20619737 6.47349058 3.31634364 7.10959649 7.9768884 8.43164902 5.93630945 10.52046452 17.98391308 22.82133178],__,-38.41999999999999,308.25114855377774,0.10144368315458713,
20190319,534369939,1085,1552966412.5276167,106.85507912299227,6159.260827256974,108.96693604646286,1552966413.5073237,309.3965178221311,[15.18412832 30.36893546 45.29504031 60.63643165 81.53956566 121.38600004 181.82815568 241.18709374],[20.5697649 3130.52943382 17.2260774 3.46396575 6.70523962 8.65326752 11.64434607 5.95014845 14.67336988 10.58288706 15.7332029 26.09018352],__,-36.50999999999999,309.3965178221311,0.05281258512117812,
20190321,534866445,1121,1553184249.4818165,120.31005516728348,6135.098172239162,107.07762815488032,1553184248.6820796,311.8580615302686,[14.71248362 29.95102274 61.10318699 81.32919425 121.94621462 182.36045055 241.97108881],[20.56839787 2846.72817662 13.29976819 3.31644261 8.08978331 9.14671142 5.78871073 10.34091072 10.31796671 17.97797832 21.01028138],__,-32.39999999999998,311.8580615302686,0.08282577043858956,
20190322,535141599,1116,1553298570.0503075,102.83405361619272,5962.606728832398,107.25412006846972,1553298568.6631603,313.6911719972048,[15.28040607 30.62528593 45.00642049 60.92823774 121.78114684 182.47354061 243.33883451],[20.73220916 3066.32105956 17.75519244 3.31653036 9.36908157 10.54223553 11.75888629 5.93357427 10.30883577 16.2008258 23.08990306],__,-29.349999999999966,313.6911719972048,0.06030218688111713,
20190323,535250369,1157,1553352566.5829217,134.2643238132497,5602.840367631696,109.0391633312006,1553352566.9209483,314.0979621315045,[59.96171939 120.06141364 179.85975652 238.54637127],[16.05861975 2099.72741672 7.26003395 2.8282068 4.73226284 7.72985992 13.52895552 17.25250771],__,-28.669999999999987,314.0979621315045,0.07303392152610429,
