20190212,528131101,1247,1550010366.3169231,124.62105020091337,6959.816354309634,83.05019867216613,1550010350.6530368,308.3011081898852,[59.66714903 118.31992453 178.79559353],[49.45917232 1566.7036099 15.02530525 180.84964193 7.79655474 16.14594342 25.4682393],__,-44.70999999999998,308.3011081898852,0.06491799195358014,
20190212,528131101,1248,1550010357.2096233,124.00861991422886,6899.076263150978,81.86802308271474,1550010340.0834467,304.46606440377,[59.86529737 119.99153315],[47.49828883 1451.02866872 15.3333486 166.26813863 7.04481221 13.42583131],__,-44.72999999999999,304.46606440377,0.05747654299486092,
20190212,528131101,1253,1550010322.5237422,126.90976858787353,6903.298135652107,94.11534210990511,1550010309.304383,307.75393966540344,[59.41170302 118.94875281],[47.61016776 1453.61682812 14.64728918 170.13699452 8.409231 16.76647769],__,-44.819999999999965,307.75393966540344,0.04192356538679838,
20190212,528131101,1254,1550010314.7692683,126.84854777017391,6974.894725140708,94.4358675659539,1550010302.0024648,311.320003892998,[59.82436969 119.68474041 179.42351018],[48.60596237 1556.8683701 12.97290936 171.29247975 6.55908024 12.8572114 20.67926092],__,-44.839999999999975,311.320003892998,0.05990363206252248,
20190212,528131101,1263,1550010252.29633,122.99733290118407,6811.861887278678,94.74784782752613,1550010239.4202273,300.7102781863982,[61.01878205 122.21341989 183.99405814],[49.17600171 1563.05635935 15.0987946 177.19896914 7.11530657 13.56290386 22.33845818],__,-44.99999999999997,300.7102781863982,0.048027102027816786,
20190212,528131101,1300,1550009992.7188888,130.90603688524737,6974.931216736664,99.77151184711231,1550009985.030022,306.78728827195147,[61.11778207 122.33113925 183.66256692],[48.61721718 1544.51433306 11.65029649 157.41827009 5.74380345 10.87050468 18.08214464],__,-45.639999999999986,306.78728827195147,0.049973483273531044,
20190212,528131101,1304,1550009965.883775,131.95558626262715,6891.383733431299,99.46771165912585,1550009957.733692,304.67843814684306,[59.85585865 120.08427546 179.64431791 240.11558574],[50.4880415 1644.3625003 12.08406054 163.23481784 5.82089868 10.11223597 15.9439001 19.25741754],__,-45.70999999999998,304.67843814684306,0.14387011516151432,
20190212,528100746,1232,1549993686.3155115,123.75374721190965,7214.635402534055,84.63698732608164,1549993664.8833325,300.0878638766084,[58.40717361 116.91882255 175.5309839],[47.63558001 1559.93699584 12.35759438 171.67799596 8.34098317 15.9119547 25.72442244],__,-42.839999999999975,300.0878638766084,0.041500282090952,
20190212,528100746,1234,1549993700.3476908,128.16369410930702,7103.86120761316,88.0852025272607,1549993682.192902,311.3496659573433,[57.76820735 115.61266833 173.44640752],[46.51276671 1541.44164401 10.8414376 153.60755311 5.53939072 9.34608767 14.71076775],__,-42.87999999999997,311.3496659573433,0.034446582545200444,
20190212,528100746,1242,1549993750.1833832,139.08309762474835,7165.9517862552975,89.2482092647601,1549993733.4663942,333.60094939627083,[58.4491914 116.77515278 175.07393894],[48.76935163 1537.41067973 11.5605241 154.3002929 4.84452548 7.89378218 12.84828185],__,-43.02999999999997,333.60094939627083,0.054421071858817484,
20190213,528269862,1160,1550076307.7984676,136.03191350383997,5396.600236522162,82.23805649603116,1550076281.3619337,319.3570171625692,[59.70937549 119.47080394 178.53267979],[50.63585489 1511.25710566 6.94547125 156.90613262 6.14409001 10.68483711 18.86847171],__,-44.98999999999998,319.3570171625692,0.07543198982239548,
20190213,528269862,1161,1550076314.9807935,133.51428786551284,5575.397753107366,81.56551932532335,1550076288.1172137,314.15449065529515,[43.58052389 59.93660988 78.02007099 119.6220838 178.84668615],[55.02596448 1708.2889258 7.85736151 170.37655204 9.23425194 7.00540551 10.50333582 12.22781049 20.09983739],__,-44.98999999999998,314.15449065529515,0.10305045846621812,
20190213,528269862,1168,1550076356.2472456,132.79628402797258,5225.314632008631,81.34910608239333,1550076328.4829938,306.5015727115717,[15.06823411 60.74244108 79.25620885 122.49571513 182.73076331],[56.78098151 1699.15615288 7.38765754 168.68900831 5.81105524 6.86385181 10.39204962 11.97938272 20.4589853],__,-43.099999999999966,306.5015727115717,0.08499058465368386,
20190213,528269862,1169,1550076364.2363093,135.66112298941832,5102.45373195208,82.50040242328465,1550076337.530736,321.4688395533272,[14.88486489 30.52357378 61.14034621 78.74625984 122.05701316 183.25834696],[57.95409616 1757.45323361 7.61801517 168.01830817 7.24871362 9.21178571 5.74308117 10.18039601 9.09367061 16.36908059],__,-43.099999999999966,321.4688395533272,0.09989047477916117,
20190213,528269862,1175,1550076401.2533002,131.0648442518788,4834.407155175351,86.0868661645216,1550076377.4842024,307.8784082515453,[60.80449033 122.04020825 180.4987121 241.41577695],[51.27448208 1553.3582369 6.99274099 141.7525926 4.88122802 7.64483205 14.87341834 17.58247937],__,-41.099999999999966,307.8784082515453,0.10181386970001283,
20190213,528312446,1196,1550099141.4597604,138.07217729249322,6069.776724368186,80.50487345399071,1550099113.514564,292.10742170290956,[60.33163241 80.77818847 123.64441275 186.05927505 243.56418563],[51.17657504 1687.48945531 7.51918032 131.70036874 5.42950336 8.70202181 9.30629005 16.26238283 16.73456014],__,-47.889999999999986,292.10742170290956,0.195573678187565,
20190213,528312446,1199,1550099123.8339705,142.03025673612802,5914.451820100325,84.49065359850069,1550099099.6497073,310.5623186235465,[59.82537674 120.17291069 179.36444812 238.06040126],[53.57317401 1608.06107587 7.6571195 150.77853085 5.64598109 10.44942912 18.9230074 21.20242766],__,-47.889999999999986,310.5623186235465,0.08161412170293227,
20190213,528315197,1208,1550092180.8830788,146.59624101111882,6055.532049974357,86.28149147399905,1550092158.8951037,308.7818851188271,[58.26572448 116.29649425 174.56533673],[53.63406223 1521.82336873 6.54262366 150.4570375 6.54299919 11.8806257 19.16021154],__,-47.849999999999966,308.7818851188271,0.12938440901509593,
20190214,528505895,1021,1550187287.5705833,150.02522538466533,6552.152590870177,91.13370385119715,1550187270.6177337,319.7197366765087,[58.52875272 83.28433434 116.53127723 160.16407329 231.07968553],[58.16752831 1720.77261214 7.7409199 161.89437038 6.16389579 10.23748276 10.6205222 16.82143431 22.39362683],__,-37.17999999999998,319.7197366765087,0.15006089732530217,
20190214,528467840,1081,1550165798.27423,115.87918081283053,7001.050208162038,61.09198806582602,1550165753.209721,301.9891806231995,[14.81805801 30.00566087 60.64267638 121.34023288 182.18697114 242.23228223],[51.41190813 1865.55973651 31.28655511 215.09228444 12.45907481 10.44853533 8.0075751 13.66521759 19.53337889 27.50678323],__,-45.94999999999999,301.9891806231995,0.05658071402734709,
20190214,528466553,1097,1550165290.901515,142.63686522043866,6166.449374798347,107.79694739307475,1550165291.1119235,309.87428682479384,[58.10319563 115.97993677 172.83048527 210.63865462 230.53271628],[54.30327273 1704.56175301 8.04669694 154.54093648 6.07567525 10.2522735 17.09547202 20.40156579 20.68985688],__,-41.51999999999998,309.87428682479384,0.11196639187893231,
20190214,528466553,1109,1550165212.1098206,145.67485263715403,5817.436856076843,107.54562900077187,1550165211.5351105,319.6503924923003,[29.62420313 44.24644081 59.05963487 74.45796902 118.31946117 147.7472151 177.30314227 234.718165],[64.42944962 1951.8142992 8.25725436 179.98263334 6.87103273 8.32086903 6.50596269 13.34182393 10.83734731 19.18852035 19.2418307 30.11118295],__,-41.71999999999997,319.6503924923003,0.05776638264539409,
20190214,528445164,1173,1550158750.7401662,125.8518625571232,5559.320492204903,109.291589478553,1550158751.5540457,314.2447638552725,[60.56867264 121.18850047 181.73782833 241.19220878],[50.11267219 1626.55650936 9.35000898 171.85769573 6.2339518 9.94138091 16.26373814 23.40474047],__,-42.139999999999986,314.2447638552725,0.048962359651340145,
20190214,528445164,1176,1550158771.447178,124.44285897789656,5373.334379206697,110.8342338755189,1550158773.4380283,308.9816516844141,[29.50286215 44.52339349 60.23195338 120.41844183 180.57073384 241.78204029],[54.22065266 1779.72525773 9.61819219 167.64845769 7.91367107 8.85193231 5.55260218 10.19841916 17.51671972 24.98600831],__,-41.619999999999976,308.9816516844141,0.07576084262968125,
20190216,528843896,1130,1550338087.5463407,145.14413951234795,6628.385165447797,34.074896963580436,1550338015.1633804,313.5236632564197,[14.73296918 29.68083157 40.80670957 59.75320404 119.67398115 154.73493842 179.67245363 238.03732576],[62.21164831 1984.33011106 14.50536824 183.41076822 9.45912491 9.8522587 9.84473552 6.35437154 9.20897937 15.28268278 16.84637712 20.17901865],__,-40.559999999999974,313.5236632564197,0.12170160345585931,
20190216,528889538,1223,1550357056.088963,120.11539082013331,5467.116604351086,96.76273728932611,1550357043.2409916,318.78418489425997,[30.43965343 61.41285621 122.79546979 184.20068442 244.37033602],[49.91554593 1710.31756897 11.53562757 175.76015794 8.73049875 5.37905083 8.48225257 12.79248947 21.18564614],__,-29.589999999999975,318.78418489425997,0.041341383321828365,
