20190223,530122923,1077,1550953927.6989837,55.341731740416755,1153.655963220167,111.1444644095747,1550953922.3273857,307.0973608261417,[38.79724828 59.42908598 80.51026849 97.32058934 119.38863808 138.71714894 159.49554243 179.08807863 198.11388859 215.96395742 238.65610162],[1.29721547e+01 2.71745375e+02 8.70317446e-02 7.19747143e+01 2.10345259e-01 9.35473158e-02 1.00505210e-01 1.18451770e-01 8.11012118e-02 1.00702493e-01 9.83784970e-02 1.00545903e-01 1.69162346e-01 2.18219827e-01 1.44840980e-01],__,307.0973608261417,0.21694877989768963,
20190223,530122923,1078,1550953911.3735385,55.47946829109627,926.1504994398001,133.73461771529523,1550953928.1103942,311.947880483137,[79.453528 118.6351133 158.10585393 57.55855577 99.10512825 137.10394502 177.32011525 198.41635804 217.43105767 237.26886924 257.44447885],[1.76038323e+01 2.94009064e+02 6.95171609e-02 9.89840492e+01 8.64527801e-02 8.77094223e-02 1.05029903e-01 1.07150555e-01 1.29671424e-01 1.20930740e-01 1.04273270e-01 1.50606039e-01 2.12090644e-01 1.59021743e-01 2.43539883e-01],__,311.947880483137,0.15099958953178363,
20190223,530122923,1079,1550953896.6028976,56.47197358808194,986.1847720932865,115.4136302560785,1550953894.473102,322.56730038706326,[57.8619871 80.70189052 98.10437421 119.81204543 139.82946668 160.04686595 178.99075508 199.18180331 219.51073844 239.34700914],[1.33768722e+01 2.34369047e+02 7.65530686e-02 7.62755601e+01 1.05501692e-01 9.32668826e-02 1.24265807e-01 8.19298956e-02 1.14630980e-01 1.04814709e-01 1.03502222e-01 1.63844674e-01 1.99141811e-01 1.38569216e-01],__,322.56730038706326,0.19384472572304356,
20190223,530122923,1215,1550951727.1844492,52.78114383715352,1821.0356822420795,87.62648174547536,1550951697.7561657,309.7777106326692,[83.15095432 121.55784003 166.33956213 182.21346903 245.25161596],[1.70370299e+01 6.03477135e+02 5.25607665e-01 9.89903424e+01 1.55597001e-01 1.85150382e-01 2.34830519e-01 2.54500692e-01 3.65912188e-01],__,309.7777106326692,0.1937269958857461,
20190223,530122923,1269,1550950938.109248,55.191128586808674,1709.797278175863,96.89159888258621,1550950918.5499153,311.03215191902365,[60.75483957 84.31223556 120.85415278 180.24645827 200.84048089 220.39955684 242.23533997 257.59582398],[1.75646584e+01 5.45788732e+02 1.50333628e-01 9.89411979e+01 9.60992858e-02 9.41476707e-02 8.70940574e-02 9.63806365e-02 1.49015049e-01 2.02620407e-01 1.61248449e-01 1.86791565e-01],__,311.03215191902365,0.23332544910878633,
20190223,530122923,1272,1550950898.209813,54.00944304049659,1045.6304502117455,117.10385503456878,1550950897.6417646,310.681882023413,[119.08828502 79.65099209 158.92210197 178.00991331 198.7939364 218.86631795 238.17317002],[1.72158667e+01 3.33529322e+02 9.24140811e-02 9.90221593e+01 8.25420385e-02 7.73211270e-02 9.19824216e-02 1.01468103e-01 1.62923250e-01 2.06392460e-01 1.40225694e-01],__,310.681882023413,0.08619310476758864,
20190223,530122923,1289,1550950601.7224617,42.224905210300236,1508.0682859795586,110.23291818489388,1550950595.7315032,311.1556195929385,[80.64797014 119.40800467 161.43453179 179.07238305 203.78901908 218.71655596 221.77444912 239.15642112 240.74975962],[1.34502105e+01 4.77033893e+02 2.04079182e-01 9.93688697e+01 9.16068662e-02 8.21954281e-02 1.04647450e-01 1.22208218e-01 2.10083022e-01 2.08320185e-01 2.26007834e-01 1.72044069e-01 1.75064997e-01],__,311.1556195929385,0.1433215936080106,
20190223,530122923,1290,1550950585.4580004,41.46724016900772,1201.8827691423699,112.03505732094519,1550950580.4544291,310.85211076345075,[80.66169395 119.42278153 119.58951514 161.44075425 178.98257343 179.17847195 201.18231719 203.46459211 218.87893429 221.76064777 239.44449301 240.25752567],[1.32594129e+01 3.83877816e+02 1.42806514e-01 9.94030825e+01 9.88224214e-02 1.04589195e-01 1.04887502e-01 1.09180488e-01 1.16997998e-01 1.17480737e-01 2.00460305e-01 2.05899420e-01 2.03661961e-01 2.32002478e-01 1.42411071e-01 1.49741970e-01],__,310.85211076345075,0.09656676549092903,
20190223,530122923,1292,1550950541.945579,45.87929491796597,1451.2062096577854,110.3385612184422,1550950534.5849934,310.95363734414747,[59.68154558 80.86234184 119.27229553 120.26273744 139.73875017 160.88109366 161.86730585 179.24125127 182.33262812 200.05855329 204.14351364 218.05066352 223.40255772 238.23128318 241.34585372 39.3998336 99.54568901],[1.46880078e+01 4.68313472e+02 1.73652697e-01 9.92585264e+01 1.90198126e-01 8.92073437e-02 9.98919532e-02 1.30062759e-01 2.06186653e-01 1.19262297e-01 1.18954810e-01 1.30855347e-01 2.19139093e-01 2.34788149e-01 2.33100872e-01 2.58866037e-01 3.63671970e-01 2.22471796e-01 1.85984393e-01 2.45210695e-01 1.64040241e-01],__,310.95363734414747,0.06403946848345697,
20190309,532654074,1303,1552156744.188574,133.82216351635262,4175.819787900838,113.27177983042283,1552156738.6353955,302.4683964060212,[25.77458746 51.69504995 76.85810434 90.52189734 104.30655734 116.24440336 129.50045555 143.38651995 154.27341553 166.43496102 183.13213183 194.80811164 196.0902463 217.03701518 225.7665856],[4.15226150e+01 1.29053295e+03 7.02326038e-02 9.39290885e+01 1.52352319e-01 1.03365447e-01 1.23381428e-01 2.09631839e-01 1.77424945e-01 1.74909507e-01 2.37791545e-01 2.24558754e-01 2.21877759e-01 3.13410872e-01 3.15242926e-01 3.86969165e-01 4.16238775e-01 4.52228280e-01 4.42206555e-01],__,302.4683964060212,0.28442322385701935,
20190309,532662692,1271,1552159493.3102067,36.08639193168091,1425.59462605474,100.56182249557855,1552159477.1407166,310.5096628499689,[78.74182869 118.11125974 157.52513348 177.24131555 237.02580815],[1.12761554e+01 4.07792993e+02 1.26257730e+00 9.95627885e+01 2.45665065e-01 3.26350039e-01 4.34884447e-01 4.71502089e-01 6.47989702e-01],__,310.5096628499689,0.12747977427610407,
20190309,532662692,1272,1552159465.6345832,25.47288424288097,435.8798970593618,121.98911476009832,1552159470.4058225,311.3313742986761,[75.94938725 114.07326058 151.93864087 171.03600974 227.25831835],[8.08025665e+00 1.33088921e+02 2.25015028e-01 9.97871716e+01 1.33194040e-01 1.17706235e-01 1.50693350e-01 1.35441623e-01 1.66177238e-01],__,311.3313742986761,0.09576141569394905,
20190309,532662692,1273,1552159449.021768,32.8131297227929,1205.0823115125092,119.05571207437416,1552159450.7368493,310.6649532325497,[74.82325003 112.49396399 149.71110874 168.61764698 224.47197022 241.46413964],[1.04291185e+01 3.74082990e+02 3.68953757e-01 9.96210522e+01 1.14740761e-01 1.11306481e-01 1.52828024e-01 1.44148104e-01 1.91873571e-01 2.47950828e-01],__,310.6649532325497,0.13453725346424514,
20190309,532662692,1282,1552159238.0115638,44.80866557527848,593.7074875578262,118.54568739530507,1552159238.2319827,311.3861369469841,[56.43959091 75.23915275 112.84591053 150.48608218 169.33057317 226.05646522 245.26731318 187.98501647 206.71012863 133.02499912],[1.42906075e+01 1.89006987e+02 8.61752488e-02 9.93364603e+01 1.89311270e-01 1.09632415e-01 8.21188405e-02 1.43037782e-01 1.22128468e-01 1.77876799e-01 2.08734606e-01 2.33897332e-01 2.12013821e-01 1.85411803e-01],__,311.3861369469841,0.16884569038764632,
20190316,533959741,1304,1552775241.5116074,46.99130835184653,557.183470728559,118.51833055194467,1552775241.947131,308.2303443839492,[76.11196081 114.31919531 132.35045542 152.67381325 171.64339926 190.32766286 210.33090143 230.34528267 247.12725664],[1.29321112e+01 1.53120534e+02 6.79290419e-02 8.48896090e+01 1.27252564e-01 9.08726177e-02 1.72881966e-01 1.18324384e-01 1.21787353e-01 1.42031756e-01 2.08423749e-01 1.85192758e-01 2.73266378e-01],__,308.2303443839492,0.16176128807338738,
