20190320,534737473,400155.3201192867,7159831.21897743,96.04211062131164,1553123184.1128905,0.0,0.514444,90.0,1304,nan,
20190320,534552694,400259.0930931315,7159659.60562733,294.95690032846926,1553042339.2359593,99.06,24.950534,239.5,1304,PA18,
20190320,534552694,400058.6089266158,7159554.421392923,1253.828787045651,1553042347.7835763,129.54000000000002,24.950534,239.5,1305,PA18,
20190320,534572584,402532.9725836847,7028116.633079859,1790.522937056262,1553058459.9934359,3608.07,87.45548000000001,16.0,1149,PA30,
20190320,534572584,402655.9725836818,7028536.200208896,872.5676297429194,1553058464.9404628,3608.07,87.45548000000001,16.0,1150,PA30,
20190320,534572584,402829.97258367774,7029129.734196313,72.81692391664876,1553058471.9386961,3608.07,87.45548000000001,16.0,1151,PA30,
20190320,534572584,403220.9725836685,7030463.480110565,1496.3803217938566,1553058487.6646113,3608.07,87.45548000000001,16.0,1153,PA30,
20190320,534572584,403453.97258366295,7031258.269875324,1746.6010157250832,1553058497.035809,3608.07,87.45548000000001,16.0,1154,PA30,
20190320,534572584,404278.97258364345,7034072.439643248,1935.1364042759749,1553058530.2170877,3608.07,87.45548000000001,16.0,1157,PA30,
20190320,534572584,404564.9725836367,7035048.018496128,1815.3671293614022,1553058541.7199311,3608.07,87.45548000000001,16.0,1158,PA30,
20190320,534572584,408064.5071258831,7044265.849155382,1791.486619024528,1553058653.0,3581.4,85.912148,23.0,1169,PA30,
20190320,534572584,409555.86490683584,7047427.38287733,659.3722765843664,1553058693.6527796,3596.6400000000003,85.140482,21.5,1173,PA30,
20190320,534572584,409866.4383055446,7048155.089294125,90.09478376231318,1553058703.2694538,3592.8300000000004,86.426592,21.5,1174,PA30,
20190320,534572584,411615.43265052384,7052395.553544151,1344.9725916483492,1553058756.280881,3543.3,91.571032,16.5,1179,PA30,
20190320,534572584,412199.373787059,7054437.265667483,1014.7063137758428,1553058778.0873795,3493.77,92.857142,10.5,1181,PA30,
20190320,534728419,378554.6973738666,7002322.444784568,1928.8224185568056,1553116244.4171345,6400.8,108.03324,201.0,1112,DH8A,
20190320,534728419,378850.69737385964,7003103.667222442,1352.3371292937204,1553116235.7584085,6400.8,108.03324,201.0,1113,DH8A,
20190320,534728419,379136.6973738529,7003858.4970103875,1239.35537174676,1553116227.392207,6400.8,108.03324,201.0,1114,DH8A,
20190320,534728419,379462.69737384515,7004718.897398046,782.8739640266743,1553116217.8559072,6400.8,108.03324,201.0,1115,DH8A,
20190320,534728419,379774.2527292576,7005518.052059774,488.3130979799546,1553116208.9429727,6400.8,108.03324,199.0,1116,DH8A,
20190320,534728419,380099.25272924994,7006324.184670702,455.1163273479111,1553116199.8843307,6400.8,108.03324,199.0,1117,DH8A,
20190320,534728419,380501.25272924046,7007321.308700217,282.36957203806674,1553116188.6794875,6400.8,108.03324,199.0,1118,DH8A,
20190320,534728419,380876.25272923155,7008251.461712824,95.95297532762099,1553116178.2272081,6400.8,108.03324,199.0,1119,DH8A,
20190320,534728419,381260.25272922247,7009203.938397734,149.04426598534332,1553116167.5240743,6400.8,108.03324,199.0,1120,DH8A,
20190320,534728419,381600.25272921444,7010047.277129166,540.5944265573263,1553116158.047341,6400.8,108.03324,199.0,1121,DH8A,
20190320,534728419,381926.25272920675,7010855.8901481265,946.0335752852728,1553116148.9608262,6400.8,108.03324,199.0,1122,DH8A,
20190320,534728419,382284.25272919826,7011743.876224163,1357.4406130421787,1553116138.9823837,6400.8,108.03324,199.0,1123,DH8A,
20190320,534728419,382545.9397878245,7012449.460044499,1914.4467666606695,1553116131.9406269,6400.8,108.03324,199.0,1124,DH8A,
20190320,534561660,403466.4939109644,7028270.013977035,1725.4777330752097,1553047659.1609843,9204.960000000001,191.63039,13.5,1150,B738,
20190320,534561660,403653.49391096,7028870.667135537,936.1076090689685,1553047660.443776,9204.960000000001,191.63039,13.5,1151,B738,
20190320,534561660,404075.49391095,7030226.151803386,609.7075984703399,1553047663.3386316,9204.960000000001,191.63039,13.5,1153,B738,
20190320,534561660,404322.49391094415,7031019.527900445,846.0991126958246,1553047665.033014,9204.960000000001,191.63039,13.5,1154,B738,
20190320,534561660,405194.49391092354,7033820.43460747,985.8185891100967,1553047671.0148013,9204.960000000001,191.63039,13.5,1157,B738,
20190320,534561660,405496.4939109164,7034790.473398207,849.1465000492907,1553047673.0864751,9204.960000000001,191.63039,13.5,1158,B738,
20190320,534561660,405796.4939109093,7035754.088090991,1138.2810229548913,1553047675.1444294,9204.960000000001,191.63039,13.5,1159,B738,
20190320,534561660,406029.4939109038,7036502.495502387,1621.5950472091338,1553047676.742774,9204.960000000001,191.63039,13.5,1160,B738,
20190320,534561660,407445.76707949466,7041062.160918105,1961.6077269713603,1553047690.7608223,8366.76,226.35536000000002,14.5,1166,B738,
20190320,534561660,407713.7670794883,7041925.278071333,1645.1022404491707,1553047693.5344641,8366.76,226.35536000000002,14.5,1167,B738,
20190320,534561660,408331.7670794737,7043915.600461982,1414.3517820834193,1553047699.9303994,8366.76,226.35536000000002,14.5,1169,B738,
20190320,534561660,408593.76707946754,7044759.394096851,1571.258974062163,1553047702.641945,8366.76,226.35536000000002,14.5,1170,B738,
20190320,534561660,409413.7670794481,7047400.274938813,783.6670352335216,1553047711.128461,8366.76,226.35536000000002,14.5,1173,B738,
20190320,534561660,409664.76707944216,7048208.642123365,298.1294308401369,1553047713.7261627,8366.76,226.35536000000002,14.5,1174,B738,
20190320,534561660,411031.76707940985,7052611.183722099,723.2443200933321,1553047727.873806,8366.76,226.35536000000002,14.5,1179,B738,
20190320,534561660,411622.7670793959,7054514.550280148,436.3167704186876,1553047733.990307,8366.76,226.35536000000002,14.5,1181,B738,
20190320,534578669,398957.0014898721,7163182.982280752,1769.2197435751293,1553086551.1897228,10058.4,271.626432,73.5,1306,B77L,
20190320,534718092,372144.6764815615,6994283.408477039,1625.5986022332138,1553115139.284518,10618.470000000001,263.138106,317.0,1101,nan,
20190320,534718092,372227.92942349345,6996426.1837264635,190.2660965361241,1553115150.2883,10755.630000000001,263.138106,196.0,1104,nan,
20190320,534718092,373160.85943355074,6997432.119192008,547.3591928653301,1553115176.3784964,10858.5,260.823108,196.0,1105,nan,
20190320,534718092,373126.85943355155,6998259.755935682,102.51143328149823,1553115177.9407926,10858.5,260.823108,196.0,1106,nan,
20190320,534718092,373095.85943355225,6999014.365907856,828.0574909708968,1553115179.365239,10858.5,260.823108,196.0,1107,nan,
20190320,534718092,373030.8594335538,7000596.612623704,1874.956040436017,1553115182.3519812,10858.5,260.823108,196.0,1109,nan,
20190320,534691927,366164.2542878454,6981660.297018479,1814.6258275383796,1553106233.7381372,5775.96,113.17768000000001,198.0,1087,nan,
20190320,534691927,366477.254287838,6982508.313889735,1507.3957862990837,1553106225.2105634,5775.96,113.17768000000001,198.0,1088,nan,
20190320,534691927,366769.2542878311,6983299.435060364,955.174575235986,1553106217.2551272,5775.96,113.17768000000001,198.0,1089,nan,
20190320,534691927,367111.770414062,6984232.465823632,722.5072337590811,1553106207.9045112,5806.4400000000005,115.7499,198.0,1090,nan,
20190320,534691927,367443.77041405416,6985174.34841758,844.7987379423737,1553106198.7006161,5806.4400000000005,115.7499,198.0,1091,nan,
20190320,534691927,367776.77041404624,6986119.068007295,866.2327576391028,1553106189.4689984,5806.4400000000005,115.7499,198.0,1092,nan,
20190320,534691927,368334.7704140331,6987702.111644112,814.4597354487614,1553106173.9998014,5806.4400000000005,115.7499,198.0,1094,nan,
20190320,534691927,368703.77041402436,6988748.963081364,400.8869414084633,1553106163.770171,5806.4400000000005,115.7499,198.0,1095,nan,
20190320,534691927,369005.7704140172,6989605.735802365,296.3740773669404,1553106155.397953,5806.4400000000005,115.7499,198.0,1096,nan,
20190320,534691927,369338.77041400934,6990550.4553920785,426.28301866885784,1553106146.1663353,5806.4400000000005,115.7499,198.0,1097,nan,
20190320,534691927,369676.22863584507,6991495.445508348,516.1742135199554,1553106138.132226,5821.68,120.89434,198.0,1098,nan,
20190320,534691927,370308.2286358301,6993264.826464656,414.87854120133136,1553106123.1305373,5821.68,120.89434,198.0,1100,nan,
20190320,534691927,370604.2286358231,6994093.5238745725,82.45926700898083,1553106116.1044297,5821.68,120.89434,198.0,1101,nan,
20190320,534691927,371579.2286358001,6996823.185951155,633.5884921399376,1553106092.9610016,5821.68,120.89434,198.0,1104,nan,
20190320,534691927,371873.34636223014,6997660.786852506,781.6667642378452,1553106085.6476393,5806.4400000000005,118.32212,195.0,1105,nan,
20190320,534691927,372197.34636222245,6998621.824758749,1087.6023062177105,1553106076.6933951,5806.4400000000005,118.32212,195.0,1106,nan,
20190320,534691927,372501.34636221523,6999523.539337446,1500.0964984839245,1553106068.291882,5806.4400000000005,118.32212,195.0,1107,nan,
20190320,534691927,373095.3463622012,7001285.442165557,1909.413540244778,1553106051.8757677,5806.4400000000005,118.32212,195.0,1109,nan,
20190320,534597120,403730.55663249514,7028220.378294473,1992.6006378456698,1553069611.9145617,7909.56,228.92758,14.0,1150,B737,
20190320,534597120,403904.556632491,7028812.873471451,1193.1424221800148,1553069613.8956828,7909.56,228.92758,14.0,1151,B737,
20190320,534597120,404297.5566324817,7030151.095336697,375.3982620398932,1553069618.3702843,7909.56,228.92758,14.0,1153,B737,
20190320,534597120,404530.5566324762,7030944.494050697,625.2235635653301,1553069621.023165,7909.56,228.92758,14.0,1154,B737,
20190320,534597120,405356.55663245666,7033757.143569001,812.3726775277523,1553069630.427798,7909.56,228.92758,14.0,1157,B737,
20190320,534597120,405642.5566324499,7034731.01495185,692.1235785880913,1553069633.6841238,7909.56,228.92758,14.0,1158,B737,
20190320,534597120,407489.5566324062,7041020.317204037,1907.5875373295873,1553069654.7136118,7909.56,228.92758,14.0,1166,B737,
20190320,534597120,407744.5566324002,7041888.629101333,1605.045919752073,1553069657.6169794,7909.56,228.92758,14.0,1167,B737,
20190320,534597120,408333.5566323863,7043894.259326855,1406.4780842313037,1553069664.3231885,7909.56,228.92758,14.0,1169,B737,
20190320,534597120,409364.5566323619,7047404.96350769,832.1328561227015,1553069676.061901,7909.56,228.92758,14.0,1173,B737,
20190320,534597120,409604.5566323562,7048222.198234558,359.68099638624886,1553069678.7944822,7909.56,228.92758,14.0,1174,B737,
20190320,534597120,410914.5556882506,7052647.552847623,600.5202860475217,1553069693.977384,6797.04,216.06648,15.0,1179,B737,
20190320,534682352,331773.92748080974,6917470.540781343,75.27262649280021,1553107788.9942508,868.6800000000001,53.759398000000004,190.0,1005,GA8,
20190320,534682352,332388.64474963426,6940431.480491183,955.9168416634831,1553107417.8728461,883.9200000000001,58.646616,175.5,1029,GA8,
20190320,534682352,332328.18288362614,6945700.043826034,1650.9813894512101,1553107330.131337,1036.3200000000002,61.218836,196.5,1034,GA8,
20190320,534682352,333055.76232268265,6947530.623817397,1641.2844726416918,1553107298.888623,1112.52,60.44717,197.0,1036,GA8,
20190320,534682352,333322.09034275066,6948263.301027337,1240.0377281352476,1553107285.3061366,1127.76,61.476058,195.5,1037,GA8,
20190320,534682352,333571.7695324043,6949111.334074968,978.4100609022597,1553107272.7520072,1127.76,64.56272200000001,191.5,1038,GA8,
20190320,534682352,334335.2481739444,6953672.188369216,19.035435663108842,1553107203.1138117,1341.1200000000001,68.678274,185.5,1043,GA8,
20190320,534682352,335200.0593058239,6958927.278776196,1492.780468834443,1553107130.2503252,1615.44,72.279382,190.0,1049,GA8,
20190320,534682352,402965.27736499644,7077291.081956181,465.8600664683862,1553104468.2520683,1767.8400000000001,49.643846,188.5,1208,GA8,
20190320,534682352,396967.9429221087,7097075.018732389,850.5982589007605,1553103941.97537,1188.72,43.727740000000004,161.5,1230,GA8,
20190320,534682352,396642.9429221164,7097871.053795283,907.6265860953897,1553103924.5280907,1188.72,43.727740000000004,161.5,1231,GA8,
20190320,534742639,400128.7448418687,7159832.629790669,89.84668890778342,1553123886.0,110.49000000000001,1.28611,202.5,1304,nan,
20190320,534652953,403263.24221416394,7028330.045439478,1513.572031523715,1553092443.1183655,7516.9776,229.69924600000002,14.5,1150,B737,
20190320,534652953,403452.24221415946,7028932.504460597,725.5731439557948,1553092445.382907,7516.9776,229.69924600000002,14.5,1151,B737,
20190320,534652953,403877.24221414945,7030287.240354648,817.1559835157308,1553092450.4751298,7516.9776,229.69924600000002,14.5,1153,B737,
20190320,534652953,404127.2422141435,7031084.143821736,1051.7366226156964,1553092453.470555,7516.9776,229.69924600000002,14.5,1154,B737,
20190320,534652953,405005.2422141227,7033882.868798151,1185.0770136626415,1553092463.9904885,7516.9776,229.69924600000002,14.5,1157,B737,
20190320,534652953,405309.24221411557,7034851.90341413,1046.2011754657358,1553092467.6329255,7516.9776,229.69924600000002,14.5,1158,B737,
20190320,534652953,407528.40572428744,7041980.900435433,1838.621778611047,1553092494.8049557,6477.0,226.35536000000002,14.0,1167,B737,
20190320,534652953,409472.40572424146,7048267.960703765,499.4286499022262,1553092519.0516565,6477.0,226.35536000000002,14.0,1174,B737,
20190320,534673235,386706.99128162285,7012768.486127338,1649.0557567554595,1553106748.9406815,10972.800000000001,257.993666,3.5,1125,nan,
20190320,534673235,386699.16181435715,7012811.758520923,1054.4340840239165,1553106749.0,10972.800000000001,257.993666,154.0,1126,nan,
20190320,534673235,387149.1618143465,7013474.59328135,976.0458346010396,1553106756.3177004,10972.800000000001,257.993666,154.0,1127,nan,
20190320,534673235,387638.1618143349,7014194.873721014,828.9034545991038,1553106764.2696016,10972.800000000001,257.993666,154.0,1128,nan,
20190320,534673235,388993.1618143029,7016190.742832966,1712.1552188797434,1553106786.3040104,10972.800000000001,257.993666,154.0,1131,nan,
20190320,534673235,389419.4140561639,7018090.437830756,1126.5890042608416,1553106797.5095556,10972.800000000001,257.993666,154.0,1132,nan,
20190320,534673235,389150.41405617027,7019706.709516807,143.09981985262277,1553106799.8982055,10972.800000000001,257.993666,154.0,1134,nan,
20190320,534673235,388921.4140561757,7021082.643405677,1335.0382646573466,1553106801.9316657,10972.800000000001,257.993666,154.0,1136,nan,
20190320,534538065,400272.09659432725,7159654.487275499,305.5618654706276,1553041779.622525,83.82000000000001,27.522754,240.5,1304,PA18,
20190320,534538065,400096.097074911,7159555.923172806,1270.617343768716,1553041786.9279556,118.11,28.294420000000002,239.0,1305,PA18,
20190320,534736445,411228.71598248644,7038106.54953475,1305.9390986312628,1553123679.4278712,6720.84,151.503758,15.5,1164,nan,
20190320,534710521,349055.3788587042,6965939.298007885,1946.6051707677111,1553114204.905483,7627.620000000001,105.46102,183.0,1062,nan,
20190320,534710521,349212.37885870045,6967382.624768523,515.9351614820553,1553114191.190675,7627.620000000001,105.46102,183.0,1064,nan,
20190320,534710521,349349.3788586972,6968642.088247552,1001.218259941151,1553114179.2229764,7627.620000000001,105.46102,183.0,1066,nan,
20190320,534674516,404043.4962550241,7028757.523664572,1342.1304270686035,1553099846.9120052,4831.08,144.04432,16.5,1151,SW4,
20190320,534674516,404454.4962550144,7030105.328977027,211.926740883011,1553099856.2544343,4831.08,144.04432,16.5,1153,SW4,
20190320,534674516,404697.4962550086,7030902.206570522,453.17450185990725,1553099861.7780604,4831.08,144.04432,16.5,1154,SW4,
20190320,534674516,405552.4962549884,7033706.0351402275,610.0032509807082,1553099881.2130406,4831.08,144.04432,16.5,1157,SW4,
20190320,534674516,406697.0523998345,7037271.459969815,1795.5918184110008,1553099906.2153382,4846.320000000001,144.04432,16.5,1161,SW4,
20190320,534674516,407651.0523998119,7040148.810059754,1901.5970604937972,1553099926.545076,4846.320000000001,144.04432,16.5,1165,SW4,
20190320,534674516,407916.0523998057,7040948.073973627,1478.9337813718614,1553099932.1922252,4846.320000000001,144.04432,16.5,1166,SW4,
20190320,534674516,408198.052399799,7041798.611421595,1145.2525210281592,1553099938.2016444,4846.320000000001,144.04432,16.5,1167,SW4,
20190320,534674516,410198.92694915796,7048041.7925531315,261.4826834088552,1553099986.4010088,4876.8,144.04432,16.0,1174,SW4,
20190320,534684592,400696.06306960754,7158883.592201705,1185.3496246522643,1553102671.885938,2011.68,79.224376,239.0,1304,C208,
20190320,534555830,377876.75776896626,7001519.106360442,1751.4711623822088,1553045162.0556831,9448.800000000001,210.407596,196.0,1111,B739,
20190320,534555830,378210.75776895834,7002518.5249934755,1538.971547686927,1553045157.1089263,9448.800000000001,210.407596,196.0,1112,B739,
20190320,534555830,378467.75776895223,7003287.538732068,929.8240684670759,1553045153.3025892,9448.800000000001,210.407596,196.0,1113,B739,
20190320,534555830,378722.75776894623,7004050.567927946,784.8819163165729,1553045149.5258737,9448.800000000001,210.407596,196.0,1114,B739,
20190320,534555830,379007.7577689395,7004903.365264517,292.2834912174992,1553045145.3048384,9448.800000000001,210.407596,196.0,1115,B739,
20190320,534555830,379278.7577689331,7005714.270802099,44.68371626682139,1553045141.2911525,9448.800000000001,210.407596,196.0,1116,B739,
20190320,534555830,379552.7577689266,7006534.15315375,130.51763860478,1553045137.2330344,9448.800000000001,210.407596,196.0,1117,B739,
20190320,534555830,379890.7577689186,7007545.540872209,368.2859363945538,1553045132.2270348,9448.800000000001,210.407596,196.0,1118,B739,
20190320,534555830,380203.7577689112,7008482.121806759,615.2456114174532,1553045127.5913014,9448.800000000001,210.407596,196.0,1119,B739,
20190320,534555830,380524.0784023724,7009440.6773658125,922.0809979515082,1553045122.8480911,9448.800000000001,209.89315200000001,196.0,1120,B739,
20190320,534555830,380803.07840236585,7010277.394548739,1368.6217922732728,1553045118.7415075,9448.800000000001,209.89315200000001,196.0,1121,B739,
20190320,534555830,381070.0784023595,7011078.123895842,1826.7296534392844,1553045114.8115509,9448.800000000001,209.89315200000001,196.0,1122,B739,
20190320,534555830,403158.18001313746,7077165.226566044,239.17791137610445,1553044786.9977822,8351.52,223.011474,196.0,1208,B739,
20190320,534555830,403328.18001313345,7077674.301514081,620.6416991141915,1553044784.6411977,8351.52,223.011474,196.0,1209,B739,
20190320,534544899,406765.91891183227,7064808.368505811,1271.3280038878565,1553040137.492274,7620.0,118.32212,201.5,1193,nan,
20190320,534544899,406925.9189118285,7065194.3606115,261.42751955200214,1553040133.9745326,7620.0,118.32212,201.5,1194,nan,
20190320,534544899,407465.91891181574,7066497.0839682035,1169.6517141791646,1553040122.1021557,7620.0,118.32212,201.5,1196,nan,
20190320,534544899,407826.9189118072,7067367.978656667,1275.051236644882,1553040114.1652517,7620.0,118.32212,201.5,1197,nan,
20190320,534544899,408412.86390082305,7068910.895107738,1994.5504441891146,1553040101.6854203,7620.0,118.32212,199.0,1199,nan,
20190320,534588276,402721.35226514225,7028072.558105883,1983.7244697256613,1553066900.2246053,3261.36,78.96715400000001,194.5,1149,PA30,
20190320,534588276,402829.40832064126,7028435.645594081,1068.4130303535671,1553066895.0722084,3265.17,78.96715400000001,198.0,1150,PA30,
20190320,534588276,403042.40832063626,7029053.263527516,298.4831377810124,1553066886.5009403,3265.17,78.96715400000001,198.0,1151,PA30,
20190320,534588276,403586.28487750934,7030466.693468295,1151.472105811282,1553066868.5632653,3272.79,78.96715400000001,199.0,1153,PA30,
20190320,534588276,403894.2381687404,7031250.289999705,1326.8137806363734,1553066858.449259,3284.2200000000003,78.709932,200.0,1154,PA30,
20190320,534588276,405177.10226431285,7033966.6781186275,1054.3996622128304,1553066819.8291826,3288.03,77.938266,201.5,1157,PA30,
20190320,534588276,405565.15940624406,7034842.542445856,802.2114443727083,1553066806.5988722,3284.2200000000003,77.423822,200.0,1158,PA30,
20190320,534588276,406529.008012281,7037329.4875358585,1973.360611691999,1553066771.7260072,3276.6000000000004,77.1666,196.0,1161,PA30,
20190320,534588276,407506.7861449276,7040898.47580736,1860.0285877233628,1553066724.0,3276.6000000000004,77.681044,191.0,1166,PA30,
20190320,534588276,407704.30482918886,7041788.523448626,1619.1307696868416,1553066712.3028505,3276.6000000000004,77.681044,190.5,1167,PA30,
20190320,534588276,408152.76499573066,7043838.302239002,1567.661924704648,1553066686.933994,3268.98,78.709932,190.0,1169,PA30,
20190320,534588276,408730.16398469685,7047339.24811347,1442.4913406750527,1553066641.6179137,3276.6000000000004,79.73882,186.5,1173,PA30,
20190320,534588276,408837.1639846943,7048250.990633084,1119.927458341792,1553066630.6621485,3276.6000000000004,79.73882,186.5,1174,PA30,
20190320,534588276,409784.291116794,7052969.4451880865,574.9775045796589,1553066570.3917599,3268.98,82.568262,192.0,1179,PA30,
20190320,534734110,376519.6505821329,7000139.463932099,1701.5778188174077,1553121307.0043087,11536.68,203.20538,197.0,1109,B737,
20190320,534734110,376793.6505821264,7000965.039593104,1280.2677861583657,1553121303.0241566,11536.68,203.20538,197.0,1110,B737,
20190320,534734110,377067.65058211994,7001790.615254109,898.0264716322827,1553121299.0440044,11536.68,203.20538,197.0,1111,B737,
20190320,534734110,377399.6505821121,7002790.94780686,683.3423172866004,1553121294.2213385,11536.68,203.20538,197.0,1112,B737,
20190320,534734110,377654.6505821061,7003559.27552057,72.51189272712621,1553121290.5171824,11536.68,203.20538,197.0,1113,B737,
20190320,534734110,377907.6505821001,7004321.577134564,74.09754572566001,1553121286.8420784,11536.68,203.20538,197.0,1114,B737,
20190320,534734110,378191.65058209334,7005177.283294146,568.5668115416462,1553121282.7166653,11536.68,203.20538,197.0,1115,B737,
20190320,534734110,378459.650582087,7005984.780656005,907.3021184173797,1553121278.82367,11536.68,203.20538,197.0,1116,B737,
20190320,534734110,378732.6505820806,7006807.343267154,994.9296107459236,1553121274.858044,11536.68,203.20538,197.0,1117,B737,
20190320,534734110,379067.6505820726,7007816.714969478,1234.9039661026632,1553121269.9917996,11536.68,203.20538,197.0,1118,B737,
20190320,534734110,379697.6505820578,7009714.936379818,1792.8279919078236,1553121260.840355,11536.68,203.20538,197.0,1120,B737,
20190320,534542599,340763.5403503254,6960065.392698819,1603.6262017678678,1553042186.8197684,11361.42,207.578154,184.5,1052,B737,
20190320,534542599,340871.54035032284,6960883.737613105,1071.8868618974934,1553042182.932048,11361.42,207.578154,184.5,1053,B737,
20190320,534542599,340961.5403503207,6961565.691708343,414.8008543720571,1553042179.6922812,11361.42,207.578154,184.5,1054,B737,
20190320,534542599,341054.54035031854,6962270.377606756,346.27648643106824,1553042176.344522,11361.42,207.578154,184.5,1055,B737,
20190320,534742441,403897.4035216031,7028812.080239841,1186.5080340385894,1553124904.3081963,7528.56,226.35536000000002,14.5,1151,B738,
20190320,534742441,404295.4035215937,7030152.207776342,377.77969805536026,1553124910.0107312,7528.56,226.35536000000002,14.5,1153,B738,
20190320,534742441,404531.40352158813,7030946.856265323,625.0804027999768,1553124913.392134,7528.56,226.35536000000002,14.5,1154,B738,
20190320,534742441,405366.4035215684,7033758.430368284,803.2976982115562,1553124925.3559947,7528.56,226.35536000000002,14.5,1157,B738,
20190320,534742441,407562.8408030328,7041024.783543744,1838.7169797038398,1553124958.4933405,6888.4800000000005,223.78314,15.0,1166,B738,
20190320,534569872,397358.3691631271,7024591.687870937,1886.7859230044721,1553052444.399209,12058.650000000001,258.25088800000003,32.0,1143,nan,
20190320,534569872,397826.369163116,7025284.242818022,1515.1563345550808,1553052447.699481,12058.650000000001,258.25088800000003,32.0,1144,nan,
20190320,534569872,398811.40418449073,7026740.632307262,719.1366807280325,1553052454.5303948,12386.310000000001,257.479222,32.0,1146,nan,
20190320,534569872,399839.40418446646,7028259.333724907,166.31071866955043,1553052461.5502124,12386.310000000001,257.479222,32.0,1148,nan,
20190320,534569872,400313.4041844552,7028959.590993353,605.4474389155333,1553052464.7869766,12386.310000000001,257.479222,32.0,1149,nan,
20190320,534569872,400704.404184446,7029537.229373022,1345.8400716113833,1553052467.4569657,12386.310000000001,257.479222,32.0,1150,nan,
20190320,534569872,401170.40418443497,7030225.667953394,1919.3890413381316,1553052470.6391008,12386.310000000001,257.479222,32.0,1151,nan,
20190320,534569872,404785.40418434946,7035566.237627311,1836.8787939016051,1553052495.3245494,12386.310000000001,257.479222,32.0,1158,nan,
20190320,534569872,405374.40418433555,7036436.388536837,1821.7088665552562,1553052499.3466043,12386.310000000001,257.479222,32.0,1159,nan,
20190320,534569872,408102.5145870475,7040465.613118518,1634.1719176225351,1553052517.9028194,12496.800000000001,263.138106,32.0,1165,nan,
20190320,534569872,408492.51458703825,7041041.403143321,998.6262644394451,1553052520.541603,12496.800000000001,263.138106,32.0,1166,nan,
20190320,534569872,408925.514587028,7041680.677709319,433.80110917335566,1553052523.47133,12496.800000000001,263.138106,32.0,1167,nan,
20190320,534569872,410007.51458700246,7043278.125931975,391.87356103421706,1553052530.7922635,12496.800000000001,263.138106,32.0,1169,nan,
20190320,534720166,376744.0102436478,6999949.341293036,1977.3686227715516,1553116995.0926518,5288.280000000001,106.74713,199.0,1109,AT73,
20190320,534720166,377072.01024364005,7000781.723684124,1604.5878765808284,1553116986.6312802,5288.280000000001,106.74713,199.0,1110,AT73,
20190320,534720166,377397.22232950706,7001604.988446801,1271.3620418209473,1553116978.6989403,5288.280000000001,113.949346,199.0,1111,AT73,
20190320,534720166,377788.2223294978,7002593.671153156,1116.1078502923322,1553116969.4130888,5288.280000000001,113.949346,199.0,1112,AT73,
20190320,534720166,378099.2223294904,7003380.065837751,551.727265769803,1553116962.0271556,5288.280000000001,113.949346,199.0,1113,AT73,
20190320,534720166,378397.22232948337,7004133.588718809,450.415785392722,1553116954.9499593,5288.280000000001,113.949346,199.0,1114,AT73,
20190320,534720166,378733.119172377,7004995.436107492,2.695760101139678,1553116947.0880203,5292.09,122.18045000000001,198.5,1115,AT73,
20190320,534720166,379048.11917236954,7005805.250641701,292.5707887251201,1553116939.7298021,5292.09,122.18045000000001,198.5,1116,AT73,
20190320,534720166,379363.1191723621,7006615.06517591,336.4131270895987,1553116932.371584,5292.09,122.18045000000001,198.5,1117,AT73,
20190320,534720166,379753.11917235283,7007617.6926944535,522.349375172803,1553116923.2614088,5292.09,122.18045000000001,198.5,1118,AT73,
20190320,534720166,380475.46085460426,7009503.345287524,989.0010985255981,1553116906.612688,5295.900000000001,125.781558,198.0,1120,AT73,
20190320,534720166,380797.46085459663,7010344.948299281,1396.6693750793415,1553116899.1992428,5295.900000000001,125.781558,198.0,1121,AT73,
20190320,534720166,381105.46085458936,7011149.959875745,1817.55608952161,1553116892.1081214,5295.900000000001,125.781558,198.0,1122,AT73,
20190320,534648796,386869.4778991217,7011827.922008394,1899.5969852797698,1553091087.1361637,11582.400000000001,185.19984,96.0,1125,B737,
20190320,534648796,387194.477899114,7012722.484251885,1546.986016703668,1553091084.0670924,11582.400000000001,185.19984,96.0,1126,B737,
20190320,534648796,387515.02669264685,7013561.935050302,1260.7807104220199,1553091073.2162943,11734.800000000001,185.19984,101.5,1127,B737,
20190320,534648796,387814.0266926398,7014323.187839096,925.25499732065,1553091059.121642,11734.800000000001,185.19984,101.5,1128,B737,
20190320,534648796,388715.59344281274,7016739.167887497,1211.6497045268543,1553091037.957218,11799.57,185.19984,223.0,1131,B737,
20190320,534648796,389041.59344280505,7017639.420297493,780.7413763889703,1553091035.0193253,11799.57,185.19984,223.0,1132,B737,
20190320,534648796,389703.12363436166,7019407.937751306,747.7007488459809,1553091027.5433557,11875.77,185.19984,224.0,1134,B737,
20190320,534648796,390432.12363434443,7021223.870261902,208.3109489854414,1553091015.8517516,11875.77,185.19984,224.0,1136,B737,
20190320,534648796,390745.123634337,7022003.550475641,244.76722496740805,1553091010.8318996,11875.77,185.19984,224.0,1137,B737,
20190320,534648796,391045.12363432994,7022750.847805105,765.9502170833704,1553091006.02054,11875.77,185.19984,224.0,1138,B737,
20190320,534630956,403555.1223604656,7028176.5425542975,1838.9628730719028,1553085369.2935245,11582.400000000001,260.051442,17.0,1150,nan,
20190320,534630956,403772.12236046046,7028798.184532912,1071.4908760290123,1553085371.89847,11582.400000000001,260.051442,17.0,1151,nan,
20190320,534630956,404256.122360449,7030184.703969087,425.19474081076737,1553085377.708578,11582.400000000001,260.051442,17.0,1153,nan,
20190320,534630956,404533.1223604425,7030978.228522435,633.1167411249439,1553085381.0337849,11582.400000000001,260.051442,17.0,1154,nan,
20190320,534630956,405498.52035081486,7033751.224413235,675.369413361533,1553085392.644746,11151.87,256.964778,17.0,1157,nan,
20190320,534630956,405829.520350807,7034703.306351111,505.5365566817774,1553085396.629645,11151.87,256.964778,17.0,1158,nan,
20190320,534630956,406728.52035078575,7037289.1723999055,1771.4988840220037,1553085407.4526792,11151.87,256.964778,17.0,1161,nan,
20190320,534630956,407723.52035076224,7040151.170974489,1833.738330497124,1553085419.4314542,11151.87,256.964778,17.0,1165,nan,
20190320,534630956,407998.5203507557,7040942.175605656,1398.9634413254353,1553085422.742171,11151.87,256.964778,17.0,1166,nan,
20190320,534630956,408290.5203507488,7041782.07870493,1052.3693999293846,1553085426.2575502,11151.87,256.964778,17.0,1167,nan,
20190320,534630956,410164.398982348,7047168.532981899,1.9282513402174821,1553085448.7560852,10088.880000000001,256.450334,17.0,1173,nan,
20190320,534630956,410437.3989823415,7047949.662277595,516.8585587828225,1553085451.9715176,10088.880000000001,256.450334,17.0,1174,nan,
20190320,534630956,411945.39898230584,7052264.47172049,1699.6202470441594,1553085469.7329547,10088.880000000001,256.450334,17.0,1179,nan,
20190320,534685121,396275.1588176204,7024563.008226757,1508.6824143544848,1553104417.8746016,11887.2,267.51088,17.0,1142,B744,
20190320,534685121,396557.15881761373,7025385.223016368,806.331375854094,1553104421.1951797,11887.2,267.51088,17.0,1143,B744,
20190320,534685121,396788.1588176083,7026058.739386582,229.61722290265584,1553104423.9152277,11887.2,267.51088,17.0,1144,B744,
20190320,534685121,397271.15881759685,7027467.000887937,998.635756255119,1553104429.6026008,11887.2,267.51088,17.0,1146,B744,
20190320,534685121,409220.68151813,7062285.490269132,490.2623280822628,1553104563.7988417,11887.2,274.970318,17.0,1190,B744,
20190320,534555346,400746.86441088,7158365.625076472,1676.3266215554943,1553043737.9594517,9098.28,164.62208,248.5,1304,nan,
20190320,534699509,377293.90084577317,7000748.005121962,1824.0909920128495,1553109410.8322787,5806.4400000000005,120.89434,199.0,1110,B190,
20190320,534699509,377596.86797477014,7001587.424743374,1464.5432678729096,1553109403.1806252,5825.490000000001,119.35100800000001,199.0,1111,B190,
20190320,534699509,377946.8679747619,7002584.233113525,1268.023814480346,1553109394.2094984,5825.490000000001,119.35100800000001,199.0,1112,B190,
20190320,534699509,378218.8679747554,7003358.895618329,671.2431316065431,1553109387.237651,5825.490000000001,119.35100800000001,199.0,1113,B190,
20190320,534699509,378485.8679747491,7004119.318003559,538.4842628473061,1553109380.393963,5825.490000000001,119.35100800000001,199.0,1114,B190,
20190320,534699509,378786.86797474197,7004976.573201888,59.59608644578744,1553109372.678794,5825.490000000001,119.35100800000001,199.0,1115,B190,
20190320,534699509,379071.8679747353,7005788.260017583,264.3999395876313,1553109365.3737335,5825.490000000001,119.35100800000001,199.0,1116,B190,
20190320,534699509,379358.86797472846,7006605.642881108,337.12061175147255,1553109358.0174096,5825.490000000001,119.35100800000001,199.0,1117,B190,
20190320,534699509,379712.8679747201,7007613.843346918,558.7351209382412,1553109348.9437554,5825.490000000001,119.35100800000001,199.0,1118,B190,
20190320,534699509,380041.86797471234,7008550.84321486,790.6644487996599,1553109340.5108962,5825.490000000001,119.35100800000001,199.0,1119,B190,
20190320,534699509,380377.86797470436,7009507.779250206,1082.147187522239,1553109331.8986144,5825.490000000001,119.35100800000001,199.0,1120,B190,
20190320,534699509,380672.8679746974,7010347.946305048,1514.6664195534256,1553109324.3372362,5825.490000000001,119.35100800000001,199.0,1121,B190,
20190320,534699509,380954.86797469074,7011151.089048999,1959.3544268004653,1553109317.109071,5825.490000000001,119.35100800000001,199.0,1122,B190,
20190320,534660590,355968.8572701275,6973762.954638776,1532.3969252512215,1553095032.9977117,10073.640000000001,259.279776,2.5,1073,nan,
20190320,534660590,355997.8572701268,6974232.078244192,650.5496276909278,1553095033.7074246,10073.640000000001,259.279776,2.5,1074,nan,
20190320,534660590,356050.67396438227,6975086.476797151,91.71967610523191,1553095035.0,10302.24,259.279776,3.0,1075,nan,
20190320,534660590,356786.1824382276,6976035.083543982,1817.3245280211981,1553095070.4659984,10534.65,259.279776,3.0,1078,nan,
20190320,534574763,403278.1594269871,7028326.860146644,1528.7595285072773,1553056106.4816713,9044.94,245.132566,15.0,1150,B737,
20190320,534574763,403466.15942698263,7028930.385707694,739.4888037318856,1553056109.0778348,9044.94,245.132566,15.0,1151,B737,
20190320,534574763,403888.1594269727,7030285.10797771,806.1000416487308,1553056114.9053934,9044.94,245.132566,15.0,1153,B737,
20190320,534574763,404135.1594269668,7031078.037837175,1042.357964281286,1553056118.3163102,9044.94,245.132566,15.0,1154,B737,
20190320,534574763,405008.1594269462,7033880.579405242,1181.6090402451887,1553056130.3718994,9044.94,245.132566,15.0,1157,B737,
20190320,534574763,405309.15942693903,7034846.8623513905,1044.7749901605946,1553056134.528523,9044.94,245.132566,15.0,1158,B737,
20190320,534574763,405610.15942693193,7035813.14529754,1333.7482928313473,1553056138.6851463,9044.94,245.132566,15.0,1159,B737,
20190320,534574763,407521.8612253168,7041982.162735868,1845.2472989561782,1553056165.9958074,8100.06,237.93035,15.0,1167,B737,
20190320,534574763,408137.8612253022,7043973.93156167,1616.8360761984236,1553056174.9085553,8100.06,237.93035,15.0,1169,B737,
20190320,534574763,409216.8612252767,7047462.760397773,990.244335008011,1553056190.5203326,8100.06,237.93035,15.0,1173,B737,
20190320,534574763,409465.86122527084,7048267.874744566,505.6577213333304,1553056194.1230505,8100.06,237.93035,15.0,1174,B737,
20190320,534574763,410824.9594968494,7052677.677184649,506.0308937547069,1553056213.9131699,7265.67,226.35536000000002,15.0,1179,B737,
20190320,534574763,411406.9594968356,7054581.781511447,210.28343420164833,1553056222.516832,7265.67,226.35536000000002,15.0,1181,B737,
20190320,534738063,334740.56043899053,6955473.59985153,1847.554517220645,1553123701.0590065,1097.28,60.704392,161.0,1043,C185,
20190320,534674280,403565.25427598413,7028184.198205141,1846.033685033047,1553103542.5277295,7341.870000000001,155.61931,16.0,1150,B190,
20190320,534674280,403776.2542759791,7028800.655572476,1074.5889247332182,1553103546.728681,7341.870000000001,155.61931,16.0,1151,B190,
20190320,534674280,404249.25427596795,7030182.571850909,430.9901868353687,1553103556.1459801,7341.870000000001,155.61931,16.0,1153,B190,
20190320,534674280,404521.2542759615,7030977.246750981,644.0087389928361,1553103561.5614247,7341.870000000001,155.61931,16.0,1154,B190,
20190320,534674280,405472.254275939,7033755.687302334,701.6497859223304,1553103580.4955714,7341.870000000001,155.61931,16.0,1157,B190,
20190320,534674280,406594.5373788919,7037239.32414478,1883.8295490401274,1553103604.2804108,7330.4400000000005,154.075978,15.5,1161,B190,
20190320,534674280,407694.5373788659,7040960.410280771,1694.0325064242097,1553103629.7498965,7330.4400000000005,154.075978,15.5,1166,B190,
20190320,534674280,407952.5373788598,7041833.174119939,1389.871029620371,1553103635.7236488,7330.4400000000005,154.075978,15.5,1167,B190,
20190320,534674280,409636.44035012944,7048195.6550513515,321.98440355264,1553103678.1739352,7280.910000000001,155.876532,12.5,1174,B190,
20190320,534693787,406351.6679156512,7029474.015265807,1787.6137854794633,1553106117.3629239,8027.67,250.79145,15.0,1153,B737,
20190320,534693787,406618.6679156449,7030269.346231099,1569.6547752880074,1553106120.7014623,8027.67,250.79145,15.0,1154,B737,
20190320,534693787,407552.6679156228,7033051.515225792,1494.713752998674,1553106132.3800948,8027.67,250.79145,15.0,1157,B737,
20190320,534693787,408741.6679155947,7036593.2699738545,358.5656905510169,1553106147.2472188,8027.67,250.79145,15.0,1161,B737,
20190320,534693787,409444.66791557806,7038687.343639025,570.2901597976015,1553106156.037453,8027.67,250.79145,15.0,1164,B737,
20190320,534693787,409705.6679155719,7039464.801998356,263.88895971794267,1553106159.300968,8027.67,250.79145,15.0,1165,B737,
20190320,534693787,409973.66791556554,7040263.1117313085,689.6964922619152,1553106162.6520102,8027.67,250.79145,15.0,1166,B737,
20190320,534693787,410258.6679155588,7041112.060514486,1026.727199213418,1553106166.2156186,8027.67,250.79145,15.0,1167,B737,
20190320,534584595,383684.8539804732,7009287.606360118,1678.5108490833745,1553062622.6497853,10668.0,198.832606,197.0,1121,B737,
20190320,534584595,383967.8539804665,7010090.651712659,1234.7992176874377,1553062618.421746,10668.0,198.832606,197.0,1122,B737,
20190320,534584595,384279.8539804591,7010975.987931715,781.3139592778181,1553062613.7604446,10668.0,198.832606,197.0,1123,B737,
20190320,534584595,384549.8539804527,7011742.144275129,210.63831992041187,1553062609.7266262,10668.0,198.832606,197.0,1124,B737,
20190320,534584595,384838.8539804459,7012562.215324191,259.728934937605,1553062605.4089465,10668.0,198.832606,197.0,1125,B737,
20190320,534584595,385154.85398043843,7013458.902007595,621.5235138333375,1553062600.6878848,10668.0,198.832606,197.0,1126,B737,
20190320,534584595,385462.85398043116,7014332.887762303,931.740457549818,1553062596.0863438,10668.0,198.832606,197.0,1127,B737,
20190320,534584595,385729.8539804248,7015090.531257458,1296.0251300609953,1553062592.0973456,10668.0,198.832606,197.0,1128,B737,
20190320,534584595,386274.85398041195,7016637.032024719,723.2244203552597,1553062583.9550083,10668.0,198.832606,197.0,1130,B737,
20190320,534584595,386579.85398040473,7017502.504931168,1056.4334641433975,1553062579.3982875,10668.0,198.832606,197.0,1131,B737,
20190320,534584595,386897.8539803972,7018404.866846745,1495.5779377892811,1553062574.6473458,10668.0,198.832606,197.0,1132,B737,
20190320,534584595,387534.4192471619,7020208.080992258,1564.3044411606436,1553062565.063649,10668.0,198.06094000000002,197.0,1134,B737,
20190320,534584595,387843.4192471546,7021081.183321949,1656.758592229545,1553062560.3594887,10668.0,198.06094000000002,197.0,1135,B737,
20190320,534584595,405162.5601672444,7070107.349486593,1469.1194217046166,1553062295.3519847,10664.19,198.06094000000002,197.0,1199,B737,
20190320,534584595,405738.5601672308,7071727.885935906,473.6413185653587,1553062286.6647933,10664.19,198.06094000000002,197.0,1201,B737,
20190320,534556835,330754.64343569113,6933370.054159233,567.1365783502306,1553045754.2121508,10073.4876,195.48872,167.0,1021,nan,
20190320,534556835,330989.6434356856,6934322.086770197,639.5611383792747,1553045747.435632,10073.4876,195.48872,167.0,1022,nan,
20190320,534556835,333434.34154237946,6936800.019976763,811.767600663676,1553045682.7092323,10591.800000000001,195.48872,186.0,1026,nan,
20190320,534672720,383731.378301811,7009271.621482839,1727.7031940280833,1553098569.8670757,12458.7,203.20538,199.5,1121,B737,
20190320,534672720,384014.3783018043,7010073.548283246,1284.363759147382,1553098565.1537924,12458.7,203.20538,199.5,1122,B737,
20190320,534672720,384326.3783017969,7010957.651328217,831.2892572884482,1553098559.9575224,12458.7,203.20538,199.5,1123,B737,
20190320,534672720,384597.3783017905,7011725.574165356,260.96649363548056,1553098555.4440956,12458.7,203.20538,199.5,1124,B737,
20190320,534672720,384887.37830178364,7012547.336611003,209.0229962157159,1553098550.6142292,12458.7,203.20538,199.5,1125,B737,
20190320,534672720,385202.3783017762,7013439.940646791,570.3977700570637,1553098545.367995,12458.7,203.20538,199.5,1126,B737,
20190320,534672720,385511.3783017689,7014315.542700946,880.2096385409048,1553098540.2216892,12458.7,203.20538,199.5,1127,B737,
20190320,534672720,385779.37830176257,7015074.964547268,1244.1423172112945,1553098535.7582264,12458.7,203.20538,199.5,1128,B737,
20190320,534672720,386630.7802648773,7017487.162720048,1003.3034551108915,1553098522.2778382,12260.58,200.63316,198.0,1131,B737,
20190320,534672720,386948.7802648698,7018387.417897755,1441.7479034738972,1553098518.5114002,12260.58,200.63316,198.0,1132,B737,
20190320,534672720,387584.7802648548,7020187.928253168,1510.1060192011967,1553098510.9785247,12260.58,200.63316,198.0,1134,B737,
20190320,534672720,405931.7488000823,7069817.702241369,647.5129366082832,1553098236.1194334,10911.84,187.77206,197.0,1199,B737,
20190320,534546006,400348.8943753529,7159595.687404003,395.97732569704243,1553040100.0,0.0,3.343886,169.5,1304,PA18,
20190320,534546006,400119.96573692764,7159466.281795984,1360.539730529633,1553040309.2669594,64.77000000000001,26.751088,238.0,1305,PA18,
20190320,534711737,390150.15203347045,7017213.145720815,1968.357028539592,1553112868.0541966,11277.6,192.144834,198.0,1132,B737,
20190320,534711737,390823.15203345456,7019003.036997068,1938.411706637387,1553112858.295231,11277.6,192.144834,198.0,1134,B737,
20190320,534711737,391508.1520334384,7020824.843125201,1355.897121672946,1553112848.3622572,11277.6,192.144834,198.0,1136,B737,
20190320,534711737,391800.15203343146,7021601.437854273,884.3357021907086,1553112844.1280553,11277.6,192.144834,198.0,1137,B737,
20190320,534711737,393028.1520334024,7024867.391029961,1050.35553883991,1553112826.321206,11277.6,192.144834,198.0,1141,B737,
20190320,534711737,393315.15203339566,7025630.687904084,1638.332702823612,1553112822.1595075,11277.6,192.144834,198.0,1142,B737,
20190320,534573292,383275.38173348753,7008486.673190375,1990.0261338436655,1553054571.5794005,10668.0,195.48872,101.5,1120,B738,
20190320,534573292,383572.38173348055,7009326.807586413,1559.403452117378,1553054568.1185982,10668.0,195.48872,101.5,1121,B738,
20190320,534573292,383856.3817334738,7010130.168423028,1116.5300136917863,1553054564.809279,10668.0,195.48872,101.5,1122,B738,
20190320,534573292,384168.38173346646,7011012.733849169,663.9690744561482,1553054561.1736887,10668.0,195.48872,101.5,1123,B738,
20190320,534573292,384440.38173346,7011782.149861702,94.08834254470669,1553054558.0041997,10668.0,195.48872,101.5,1124,B738,
20190320,534573292,384730.38173345313,7012602.483110358,375.42007854569783,1553054554.6249652,10668.0,195.48872,101.5,1125,B738,
20190320,534573292,385046.3817334457,7013496.363477859,736.2788667646616,1553054550.9427648,10668.0,195.48872,101.5,1126,B738,
20190320,534573292,385355.38173343835,7014370.442697979,1045.584695028651,1553054547.342132,10668.0,195.48872,101.5,1127,B738,
20190320,534573292,385624.381733432,7015131.372504491,1409.0774542611261,1553054544.2076008,10668.0,195.48872,101.5,1128,B738,
20190320,534573292,386170.3817334191,7016675.862000237,834.6645110303375,1553054537.8453178,10668.0,195.48872,101.5,1130,B738,
20190320,534573292,386476.38173341186,7017541.455014337,1166.9691625757632,1553054534.2796428,10668.0,195.48872,101.5,1131,B738,
20190320,534573292,386794.38173340436,7018440.992852518,1605.1746055646815,1553054530.5741374,10668.0,195.48872,101.5,1132,B738,
20190320,534573292,387136.38173339627,7019408.420338864,1775.0997521032764,1553054526.5889711,10668.0,195.48872,101.5,1133,B738,
20190320,534573292,387431.3817333893,7020242.897264222,1673.0542023959438,1553054523.151474,10668.0,195.48872,101.5,1134,B738,
20190320,534573292,387740.381733382,7021116.976484342,1765.8338448962868,1553054519.5508413,10668.0,195.48872,101.5,1135,B738,
20190320,534573292,404875.2111539294,7067504.313660062,1610.4649114609851,1553054226.7521136,10546.08,198.06094000000002,199.0,1196,B738,
20190320,534573292,405762.2111539084,7069903.486118873,835.8742152368266,1553054214.72527,10546.08,198.06094000000002,199.0,1199,B738,
20190320,534573292,406349.8309546448,7071511.131240696,174.9241821249787,1553054206.7218773,10088.880000000001,203.20538,197.5,1201,B738,
20190320,534482097,383233.3228468159,7008415.10407144,1975.8722964820925,1553040645.7303472,7620.0,120.122674,199.0,1120,PC12,
20190320,534482097,383569.8119953112,7009255.822729794,1582.0371051952884,1553040638.133434,7620.0,119.09378600000001,199.0,1121,PC12,
20190320,534482097,383893.8119953035,7010064.669159894,1174.6567688518046,1553040630.6441362,7620.0,119.09378600000001,199.0,1122,PC12,
20190320,534482097,384249.8119952951,7010953.401657165,761.1185913804624,1553040622.4151545,7620.0,119.09378600000001,199.0,1123,PC12,
20190320,534482097,384560.8119952877,7011729.794372477,225.27009058645226,1553040615.2263532,7620.0,119.09378600000001,199.0,1124,PC12,
20190320,534482097,384890.8119952799,7012553.619440172,208.044773899716,1553040607.5983646,7620.0,119.09378600000001,199.0,1125,PC12,
20190320,534482097,385248.8119952715,7013447.344816641,529.5088599107083,1553040599.3231528,7620.0,119.09378600000001,199.0,1126,PC12,
20190320,534482097,385598.8119952632,7014321.098676317,800.3555992149602,1553040591.232862,7620.0,119.09378600000001,199.0,1127,PC12,
20190320,534482097,385902.811995256,7015080.016314436,1130.3660268543601,1553040584.2058666,7620.0,119.09378600000001,199.0,1128,PC12,
20190320,534482097,386503.315058885,7016579.811202126,489.20916981521174,1553040570.406846,7620.0,118.32212,199.0,1130,PC12,
20190320,534482097,386849.3150588769,7017444.530982139,783.7508343612178,1553040562.5241287,7620.0,118.32212,199.0,1131,PC12,
20190320,534482097,387210.3150588683,7018346.738613888,1182.6348459080689,1553040554.299675,7620.0,118.32212,199.0,1132,PC12,
20190320,534482097,387592.3150588593,7019301.429238063,1310.621567593085,1553040545.5967903,7620.0,118.32212,199.0,1133,PC12,
20190320,534482097,387920.31505885156,7020121.163595995,1172.480897189138,1553040538.1241565,7620.0,118.32212,199.0,1134,PC12,
20190320,534482097,388265.3150588434,7020983.3841858925,1227.4119832886163,1553040530.2642217,7620.0,118.32212,199.0,1135,PC12,
20190320,534482097,388647.3150588343,7021938.074810069,1714.0919703895008,1553040521.561337,7620.0,118.32212,199.0,1136,PC12,
20190320,534482097,406102.3197711042,7065518.336752106,1146.403058515524,1553040124.570513,7620.0,117.807676,200.0,1194,PC12,
20190320,534482097,406634.3197710916,7066846.272065284,267.7555501987307,1553040112.4359696,7620.0,117.807676,200.0,1196,PC12,
20190320,534482097,406985.3197710833,7067722.4098376995,361.9119316380198,1553040104.429908,7620.0,117.807676,200.0,1197,PC12,
20190320,534482097,407578.3197710693,7069202.608410469,1110.9637934558962,1553040090.903998,7620.0,117.807676,200.0,1199,PC12,
20190320,534711109,357601.1744875017,6974321.659319019,1815.308755871568,1553112148.164103,2011.68,72.279382,180.0,1075,GA8,
20190320,534711109,358391.174487483,6975997.467671073,228.8124874018652,1553112177.6337814,2011.68,72.279382,180.0,1078,GA8,
20190320,534711109,358745.1744874746,6976748.399514905,928.3126311290564,1553112190.8391817,2011.68,72.279382,180.0,1079,GA8,
20190320,534711109,359038.1744874677,6977369.9334986415,1626.8054401502538,1553112201.769075,2011.68,72.279382,180.0,1080,GA8,
20190320,534711109,359411.1744874589,6978161.169593979,1841.8540196896442,1553112215.6832395,2011.68,72.279382,180.0,1081,GA8,
20190320,534711109,404577.17494183657,7077380.256965346,1227.896266065306,1553113949.705659,1950.72,84.368816,344.5,1208,GA8,
20190320,534549899,331743.3912238696,6917902.592542897,417.38195994044526,1553040941.3142664,1135.38,54.01662,271.5,1005,DH3T,
20190320,534549899,331570.1965935796,6917920.799511376,587.0923720476255,1553040944.3697433,1181.1000000000001,53.759398000000004,273.0,1006,DH3T,
20190320,534689838,405544.4564261076,7029782.155638586,924.9395223433775,1553105581.202949,4922.52,157.162642,14.0,1153,AT73,
20190320,534689838,405778.4564261021,7030578.728011851,675.175872097001,1553105586.4241366,4922.52,157.162642,14.0,1154,AT73,
20190320,534689838,406604.4564260825,7033390.560406372,488.2568277739645,1553105604.854482,4922.52,157.162642,14.0,1157,AT73,
20190320,534689838,407626.6129497582,7036930.43114836,806.5402889231401,1553105628.005354,4922.52,157.419864,14.0,1161,AT73,
20190320,534689838,408234.13291485683,7039023.414091959,1826.0904884889965,1553105641.7844217,4922.52,157.677086,14.0,1164,AT73,
20190320,534689838,408474.1329148512,7039839.3575369315,1023.5076988506553,1553105647.2264178,4922.52,157.677086,14.0,1165,AT73,
20190320,534689838,408715.1329148455,7040658.70074626,629.7762417702344,1553105652.6910892,4922.52,157.677086,14.0,1166,AT73,
20190320,534689838,408971.1329148394,7041529.040420897,326.84750043799596,1553105658.4958851,4922.52,157.677086,14.0,1167,AT73,
20190320,534689838,410856.73521315464,7047853.544122351,945.6386766409772,1553105701.1515145,4922.52,160.506528,14.5,1174,AT73,
20190320,534705369,403183.6853883111,7028332.440293264,1437.1053209207212,1553110147.8228214,7490.46,191.88761200000002,14.0,1150,B738,
20190320,534705369,403384.6853883064,7028942.627090217,658.1727896762453,1553110150.0803938,7490.46,191.88761200000002,14.0,1151,B738,
20190320,534705369,403836.6853882957,7030314.78844456,864.1939807900637,1553110155.1571236,7490.46,191.88761200000002,14.0,1153,B738,
20190320,534705369,404098.6853882895,7031110.156309245,1086.9034267995673,1553110158.09983,7490.46,191.88761200000002,14.0,1154,B738,
20190320,534705369,405016.6853882678,7033896.979590853,1178.5027966649545,1553110168.4105337,7490.46,191.88761200000002,14.0,1157,B738,
20190320,534705369,409625.3132102398,7048220.638377612,339.36590857111435,1553110223.4670339,6507.4800000000005,223.78314,14.0,1174,B738,
20190320,534729457,400115.11099448515,7159919.273207745,10.533430175502959,1553122941.8919716,457.20000000000005,37.039968,156.0,1304,PA18,
20190321,534925110,366631.5066142576,6983360.781213727,804.7706712362076,1553204496.8321595,8839.2,209.37870800000002,197.0,1089,nan,
20190321,534925110,367291.506614242,6985227.608258159,683.4905973396242,1553204487.2287488,8839.2,209.37870800000002,197.0,1091,nan,
20190321,534925110,368184.50661422085,6987753.481819793,655.6638164475023,1553204474.2350428,8839.2,209.37870800000002,197.0,1094,nan,
20190321,534925110,368555.5066142121,6988802.86490083,243.13600608140644,1553204468.836762,8839.2,209.37870800000002,197.0,1095,nan,
20190321,534925110,369191.50661419705,6990601.807325466,270.3226745600548,1553204459.582566,8839.2,209.37870800000002,197.0,1097,nan,
20190321,534925110,370446.5066141674,6994151.607235712,85.62193239526262,1553204441.3215349,8839.2,209.37870800000002,197.0,1101,nan,
20190321,534925110,371712.29288597195,6997730.133303289,956.546952626998,1553204423.24824,8839.2,210.664818,197.0,1105,nan,
20190321,534925110,372052.2928859639,6998691.206299725,1247.3581722741553,1553204418.4219964,8839.2,210.664818,197.0,1106,nan,
20190321,534847408,335047.9296976494,6940239.335963592,1718.3373873355133,1553178117.137659,4850.13,118.064898,207.5,1029,B737,
20190321,534847408,377006.6392280351,7000840.807356361,1522.434858163719,1553177431.3149443,9448.800000000001,190.34428,196.5,1110,B737,
20190321,534847408,377312.6392280279,7001667.450777209,1170.0194499396662,1553177427.8993883,9448.800000000001,190.34428,196.5,1111,B737,
20190321,534847408,377968.63922801235,7003439.601378765,408.4810423695559,1553177420.5771506,9448.800000000001,190.34428,196.5,1113,B737,
20190321,534847408,378249.6392280057,7004198.708572419,289.31988215166564,1553177417.440643,9448.800000000001,190.34428,196.5,1114,B737,
20190321,534847408,378567.6392279982,7005057.769382319,174.18812891769076,1553177413.8911438,9448.800000000001,190.34428,196.5,1115,B737,
20190321,534847408,378867.6392279911,7005868.204108641,483.65413981570987,1553177410.5425594,9448.800000000001,190.34428,196.5,1116,B737,
20190321,534847408,380240.6392279586,7009577.293706104,1234.8221979692487,1553177395.217205,9448.800000000001,190.34428,196.5,1120,B737,
20190321,534847408,380552.63922795124,7010420.145821477,1652.2817445214514,1553177391.7346773,9448.800000000001,190.34428,196.5,1121,B737,
20190321,534764193,410070.04444457946,7038484.287264905,87.37382405302809,1553136339.0489993,9532.62,267.25365800000003,13.5,1164,nan,
20190321,534764193,410300.04444457404,7039314.989335814,876.2693281550471,1553136342.2808392,9532.62,267.25365800000003,13.5,1165,nan,
20190321,534764193,410526.5586635075,7040125.729551189,1258.4302895439387,1553136345.4415486,8911.59,257.222,14.0,1166,nan,
20190321,534851877,403968.02747605887,7028778.65188444,1263.7833730098782,1553178808.7433567,7833.360000000001,254.64978,15.0,1151,B738,
20190321,534851877,404384.027476049,7030126.627011712,285.5436737215734,1553178813.7509797,7833.360000000001,254.64978,15.0,1153,B738,
20190321,534851877,404630.0274760432,7030923.746918704,523.9954483160681,1553178816.7122183,7833.360000000001,254.64978,15.0,1154,B738,
20190321,534851877,405495.0274760228,7033726.627892479,670.9856686957235,1553178827.1247036,7833.360000000001,254.64978,15.0,1157,B738,
20190321,534851877,407726.8146202193,7040973.131658786,1666.8029983221288,1553178855.5723283,7376.160000000001,249.50534000000002,15.0,1166,B738,
20190321,534741670,340259.33333373984,6960138.8073755475,1094.1666716836405,1553127765.7765594,11277.447600000001,210.92204,185.0,1052,B738,
20190321,534741670,340441.3333337355,6961626.694106415,109.01186934335567,1553127757.013781,11277.447600000001,210.92204,185.0,1054,B738,
20190321,534770888,384736.4699768219,7010355.439213489,1938.523753400749,1553139683.3998158,10367.01,243.589234,2.0,1122,B733,
20190321,534770888,384796.4699768205,7011135.881040972,1257.5499995220785,1553139686.5814211,10367.01,243.589234,2.0,1123,B733,
20190321,534770888,384900.4699768181,7012488.646875273,183.9415031605389,1553139692.0962038,10367.01,243.589234,2.0,1125,B733,
20190321,534770888,384963.46997681656,7013308.110794131,779.2114275033683,1553139695.4368894,10367.01,243.589234,2.0,1126,B733,
20190321,534770888,385026.46997681505,7014127.574712987,1319.0681879691724,1553139698.777575,10367.01,243.589234,2.0,1127,B733,
20190321,534770888,385078.4699768138,7014803.957630138,1879.5171659370972,1553139701.5349662,10367.01,243.589234,2.0,1128,B733,
20190321,534756696,334705.34743300057,6940276.1922826925,1373.8898180497013,1553132150.9316182,6374.13,185.19984,196.5,1029,B738,
20190321,534756696,335349.3474329853,6944970.730922872,1470.6280689882421,1553132145.3278775,6374.13,185.19984,196.5,1034,B738,
20190321,534756696,337213.34743294126,6958558.650216813,554.9801301710564,1553132129.1083548,6374.13,185.19984,196.5,1049,B738,
20190321,534756696,337480.3474329349,6960504.988441857,1708.8694365683534,1553132126.7850647,6374.13,185.19984,196.5,1052,B738,
20190321,534756696,346723.4520480767,6967416.251574025,1975.9028811285816,1553131929.8426733,8126.7300000000005,195.48872,199.0,1064,B738,
20190321,534756696,367237.2842711041,6983134.249285446,1451.4676485228767,1553131595.8071496,11673.84,210.92204,198.0,1089,B738,
20190321,534756696,367572.28427109617,6984057.132073402,1215.1651024107323,1553131591.0400276,11673.84,210.92204,198.0,1090,B738,
20190321,534756696,367913.28427108814,6984996.544105324,1346.7803514298485,1553131586.1875243,11673.84,210.92204,198.0,1091,B738,
20190321,534756696,368827.2842710665,6987514.498935751,1341.3836322488366,1553131573.1811078,11673.84,210.92204,198.0,1094,B738,
20190321,534756696,369204.1793719986,6988573.569187522,931.1415566500925,1553131567.407757,11780.52,210.92204,197.5,1095,B738,
20190321,534756696,369840.1793719835,6990370.619870042,958.9587076902006,1553131557.4699712,11780.52,210.92204,197.5,1097,B738,
20190321,534756696,370176.1793719756,6991320.00513628,1046.0110987297564,1553131552.2198203,11780.52,210.92204,197.5,1098,B738,
20190321,534756696,370802.1793719608,6993088.800304925,939.2562576845552,1553131542.438289,11780.52,210.92204,197.5,1100,B738,
20190321,534756696,371097.1793719538,6993922.337964271,604.2642612960414,1553131537.8287814,11780.52,210.92204,197.5,1101,B738,
20190321,534756696,372062.179371931,6996648.995053316,120.1872316330368,1553131522.750223,11780.52,210.92204,197.5,1104,B738,
20190321,534756696,372363.17937192385,6997499.486020987,266.0026869826834,1553131518.0469625,11780.52,210.92204,197.5,1105,B738,
20190321,534756696,372706.09018285864,6998462.433696408,554.700458735665,1553131512.682895,11551.92,208.34982,197.5,1106,B738,
20190321,534756696,373031.09018285095,6999367.6324068215,948.5149678689254,1553131507.5915895,11551.92,208.34982,197.5,1107,B738,
20190321,534756696,373660.0901828361,7001119.540064823,1321.4942044397983,1553131497.7379549,11551.92,208.34982,197.5,1109,B738,
20190321,534756696,373959.090182829,7001952.322878404,1721.5202844524297,1553131493.0539536,11551.92,208.34982,197.5,1110,B738,
20190321,534889764,402783.81424393423,7030631.78742064,1963.5821733257376,1553192391.6112168,4964.43,158.448752,15.0,1153,AT73,
20190321,534922928,331373.47750687297,6940531.031873742,1971.8078390205042,1553204348.1400402,6122.67,144.301542,357.5,1029,B190,
20190321,534748235,400136.42065094435,7159816.844781159,106.15853898017659,1553128451.1675935,0.0,3.601108,293.0,1304,C206,
20190321,534848770,403479.8717999956,7028930.186021762,752.6521579302662,1553178802.0790608,6103.62,149.703204,15.0,1151,DH8A,
20190321,534848770,403892.8717999858,7030278.782909136,799.7240972051219,1553178811.417991,6103.62,149.703204,15.0,1153,DH8A,
20190321,534848770,404135.87179998006,7031072.267276285,1039.9782107437763,1553178816.9128091,6103.62,149.703204,15.0,1154,DH8A,
20190321,534848770,405005.95116455,7033877.288032937,1182.7412871090821,1553178836.9834054,6099.81,148.159872,15.0,1157,DH8A,
20190321,534942909,404233.1093432522,7030182.484271181,446.27917136671743,1553211656.1278303,6858.0,234.07202,14.5,1153,B738,
20190321,534942909,404491.1093432461,7030975.229134091,671.9757757589371,1553211659.0209262,6858.0,234.07202,14.5,1154,B738,
20190321,534942909,405400.1093432246,7033768.272081319,774.0626572331597,1553211669.2140439,6858.0,234.07202,14.5,1157,B738,
20190321,534942909,407751.10934316897,7040992.082828221,1649.3703604312225,1553211695.5771012,6858.0,234.07202,14.5,1166,B738,
20190321,534787678,411582.25143933104,7037999.477894886,1675.2893137074316,1553151372.2835965,10934.7,245.389788,15.0,1164,nan,
20190321,534890090,368466.6728730799,6984753.23994695,1950.39536331794,1553192133.0817804,5791.200000000001,120.89434,199.0,1091,nan,
20190321,534890090,369425.85195008235,6987270.418111093,1987.464919926406,1553192114.295123,5791.200000000001,120.89434,202.0,1094,nan,
20190321,534890090,369821.851950073,6988319.848347367,1598.3924253288014,1553192106.5722091,5791.200000000001,120.89434,202.0,1095,nan,
20190321,534890090,370494.8519500571,6990103.3497337615,1665.6397071605481,1553192093.4471562,5791.200000000001,120.89434,202.0,1097,nan,
20190321,534890090,371826.3074760105,6993649.931149499,1382.5505046354072,1553192067.193009,5791.200000000001,120.89434,199.0,1101,nan,
20190321,534890090,373126.3074759798,6997225.585528087,544.794249560166,1553192039.7674785,5791.200000000001,120.89434,199.0,1105,nan,
20190321,534890090,373475.3074759715,6998185.511203569,262.84654348752144,1553192032.4047785,5791.200000000001,120.89434,199.0,1106,nan,
20190321,534890090,374616.1590526774,7001655.419687115,1004.347405851936,1553192007.1283705,5791.200000000001,120.89434,193.0,1110,nan,
20190321,534784836,366019.69614483876,6981752.999311078,1647.3475341014564,1553149239.028055,10058.4,205.7776,105.5,1087,B737,
20190321,534784836,366310.6961448319,6982602.57898041,1318.8390391513092,1553149237.119454,10058.4,205.7776,105.5,1088,B737,
20190321,534784836,366579.6961448255,6983387.929258933,746.9104609295869,1553149235.3551455,10058.4,205.7776,105.5,1089,B737,
20190321,534784836,366895.69614481804,6984310.4968723655,492.79012570277683,1553149233.2825751,10058.4,205.7776,105.5,1090,B737,
20190321,534784836,367220.69614481035,6985259.3401456745,606.1727486745544,1553149231.150976,10058.4,205.7776,105.5,1091,B737,
20190321,534784836,368088.6961447898,6987793.481564849,552.033931796356,1553149225.457966,10058.4,205.7776,105.5,1094,B737,
20190321,534784836,368447.6961447813,6988841.588442134,128.58935229177152,1553149223.1033688,10058.4,205.7776,105.5,1095,B737,
20190321,534784836,369065.6961447667,6990645.850420302,137.02575797126738,1553149219.0500507,10058.4,205.7776,105.5,1097,B737,
20190321,534784836,369392.696144759,6991600.532729139,213.85386893224805,1553149216.905334,10058.4,205.7776,105.5,1098,B737,
20190321,534784836,370471.3676342622,6994142.595712155,59.17812783858775,1553149125.346418,10058.4,205.7776,103.0,1101,B737,
20190321,534784836,371389.3676342405,6996872.849598338,829.2464535835375,1553149115.511184,10058.4,205.7776,103.0,1104,B737,
20190321,534784836,371676.3676342337,6997726.425704367,989.2926849832537,1553149112.4363341,10058.4,205.7776,103.0,1105,B737,
20190321,534784836,371999.3676342261,6998687.0705902465,1296.0519346141011,1553149108.9757888,10058.4,205.7776,103.0,1106,B737,
20190321,534784836,372303.3676342189,6999591.206953426,1709.317543174981,1553149105.718805,10058.4,205.7776,103.0,1107,B737,
20190321,534768726,379348.5384127137,7002900.514359955,1889.9055913828904,1553139381.4239419,5318.76,110.60546000000001,199.0,1113,DH8A,
20190321,534768726,379640.53841270675,7003654.863519647,1782.704519546285,1553139374.0527618,5318.76,110.60546000000001,199.0,1114,DH8A,
20190321,534768726,379972.3921236437,7004511.886546569,1332.9191437839431,1553139365.6893916,5318.76,110.60546000000001,199.0,1115,DH8A,
20190321,534768726,380288.39212363627,7005321.262115711,1038.7930701368196,1553139358.053291,5318.76,110.60546000000001,199.0,1116,DH8A,
20190321,534768726,380604.39212362876,7006130.637684856,996.0394051169486,1553139350.4171906,5318.76,110.60546000000001,199.0,1117,DH8A,
20190321,534768726,381730.78788029554,7009021.371590265,355.6717541836255,1553139322.1414664,5318.76,109.576572,199.0,1120,DH8A,
20190321,534768726,382057.78788028785,7009862.724241281,47.24131259525104,1553139313.5321767,5318.76,109.576572,199.0,1121,DH8A,
20190321,534768726,382371.7878802804,7010670.628621766,463.5679611195015,1553139305.2651527,5318.76,109.576572,199.0,1122,DH8A,
20190321,534768726,382718.7542740178,7011559.1618460985,885.4237226266669,1553139296.4885054,5318.76,108.290462,199.0,1123,DH8A,
20190321,534768726,383345.75427400303,7013158.1881519,1867.1683220138427,1553139281.195418,5318.76,108.290462,199.0,1125,DH8A,
20190321,534768726,405557.88166745,7070006.944772071,1063.6935212708902,1553138726.6313531,5314.95,115.492678,199.0,1199,DH8A,
20190321,534871684,379011.2022127914,7002560.396893562,1753.77229302435,1553185071.75724,10058.4,200.63316,99.0,1113,B738,
20190321,534871684,379483.20221278025,7003218.843265313,1852.2283025526892,1553185045.4450922,10058.4,200.63316,99.0,1114,B738,
20190321,534871684,380078.8456784133,7004560.518770345,1416.8757229760765,1553185024.702079,10058.4,200.63316,196.0,1115,B738,
20190321,534871684,380340.8456784071,7005371.108112174,1071.4705685018587,1553185020.956595,10058.4,200.63316,196.0,1116,B738,
20190321,534871684,381546.8456783786,7009102.294166547,155.22519584954068,1553185003.715932,10058.4,200.63316,196.0,1120,B738,
20190321,534871684,381816.8456783722,7009937.634327973,299.44648270775906,1553184999.856082,10058.4,200.63316,196.0,1121,B738,
20190321,534871684,382074.8456783661,7010735.848260003,765.3307120352309,1553184996.1677809,10058.4,200.63316,196.0,1122,B738,
20190321,534871684,382359.8456783594,7011617.596208176,1243.22262063999,1553184992.0934947,10058.4,200.63316,196.0,1123,B738,
20190321,534917320,379369.2197428407,7002882.875310722,1915.5783200345516,1553202168.9018393,5273.04,129.639888,199.0,1113,AT73,
20190321,534917320,379665.2197428337,7003636.384916046,1812.410269845317,1553202162.5914752,5273.04,129.639888,199.0,1114,AT73,
20190321,534917320,380003.2197428257,7004496.811424827,1367.1217519920622,1553202155.385722,5273.04,129.639888,199.0,1115,AT73,
20190321,534917320,380321.9751143298,7005304.390084792,1076.2213616399688,1553202148.8033767,5273.04,129.12544400000002,199.0,1116,AT73,
20190321,534917320,381780.2874473509,7009001.07648505,409.15944702349805,1553202118.7759924,5273.04,129.12544400000002,199.0,1120,AT73,
20190321,534917320,382423.2874473357,7010649.283460037,407.83261844809897,1553202105.0802388,5273.04,129.12544400000002,199.0,1122,AT73,
20190321,534917320,382769.2874473275,7011536.187990901,829.994544028897,1553202097.7105176,5273.04,129.12544400000002,199.0,1123,AT73,
20190321,534940911,403400.16701280867,7030967.421411199,1559.9285189285195,1553211334.0,10972.800000000001,236.901462,2.0,1153,nan,
20190321,534940911,403400.16701280867,7030967.421411199,1741.7485580445232,1553211334.0,10972.800000000001,236.901462,2.0,1154,nan,
20190321,534796184,402118.10259582574,7029328.225559721,666.2113626577212,1553155953.1769207,8061.96,237.158684,13.0,1151,B737,
20190321,534809041,397417.3061023073,7090231.993527503,944.5319290282446,1553186000.8180175,10058.4,277.542538,69.0,1224,B77W,
20190321,534894176,404038.3202764473,7030236.0453036,648.1410122450515,1553192722.9644759,9672.5232,232.52868800000002,14.0,1153,B737,
20190321,534894176,404284.32027644146,7031031.115827751,885.9920302849777,1553192726.736355,9672.5232,232.52868800000002,14.0,1154,B737,
20190321,534894176,405161.0514002715,7033836.264998122,1022.4640460062733,1553192739.371046,8873.49,232.01424400000002,14.0,1157,B737,
20190321,534894176,407450.0514002174,7041072.759695884,1960.6850656910701,1553192769.878054,8873.49,232.01424400000002,14.0,1166,B737,
20190321,534866445,376792.5399733398,7000913.814822088,1296.3198765693087,1553184335.3182259,6393.18,119.09378600000001,198.0,1110,DH8A,
20190321,534866445,377103.5399733325,7001740.520226279,948.566847401746,1553184327.907031,6393.18,119.09378600000001,198.0,1111,DH8A,
20190321,534866445,377770.5399733167,7003513.550787677,197.02940161504557,1553184312.0122824,6393.18,119.09378600000001,198.0,1113,DH8A,
20190321,534866445,378054.53997331,7004268.484340057,82.13948473320934,1553184305.2445033,6393.18,119.09378600000001,198.0,1114,DH8A,
20190321,534866445,378378.53997330234,7005129.746561785,376.5206365132844,1553184297.523516,6393.18,119.09378600000001,198.0,1115,DH8A,
20190321,534866445,378683.5399732951,7005940.502665573,681.4157257014175,1553184290.2553024,6393.18,119.09378600000001,198.0,1116,DH8A,
20190321,534866445,380077.5399732622,7009646.056792393,1411.668166931079,1553184257.0359926,6393.18,119.09378600000001,198.0,1120,DH8A,
20190321,534866445,380394.53997325466,7010488.711496986,1824.3822971480085,1553184249.4818165,6393.18,119.09378600000001,198.0,1121,DH8A,
20190321,534932821,366925.4874838712,6983251.05308737,1118.5320624451351,1553207529.702328,11887.2,221.21092000000002,200.0,1089,B737,
20190321,534932821,367594.4874838554,6985115.2819982,1006.6034034678846,1553207523.4399934,11887.2,221.21092000000002,200.0,1091,B737,
20190321,534932821,368499.487483834,6987637.146219878,991.4183519060861,1553207514.9685242,11887.2,221.21092000000002,200.0,1094,B737,
20190321,534932821,368875.4874838251,6988684.904172753,584.1480189528999,1553207511.4488862,11887.2,221.21092000000002,200.0,1095,B737,
20190321,534932821,369520.4874838099,6990482.254916379,620.3420813595912,1553207505.4112093,11887.2,221.21092000000002,200.0,1097,B737,
20190321,534932821,370792.4874837798,6994026.797778228,282.1825871781481,1553207493.5043488,11887.2,221.21092000000002,200.0,1101,B737,
20190321,534932821,372076.0495419951,6997603.44215217,571.3685312955878,1553207478.9439325,11887.2,221.21092000000002,200.0,1105,B737,
20190321,534932821,372421.0495419869,6998564.074695383,857.3204257718395,1553207459.6201887,11887.2,221.21092000000002,200.0,1106,B737,
20190321,534890116,333509.1934823463,6940496.034581172,168.5962732234753,1553191722.113194,10808.970000000001,223.78314,345.5,1029,nan,
20190321,534744946,395385.9126027759,7091041.173017267,1735.159745597355,1553126541.9004676,10972.800000000001,257.479222,2.0,1224,nan,
20190321,534744946,396257.4214084246,7096722.386740606,82.72106529000544,1553126585.5908902,10972.800000000001,262.36644,172.0,1230,nan,
20190321,534744946,398754.04825695837,7159996.304627632,1373.1097837366249,1553126795.9886668,10972.800000000001,261.851996,1.0,1304,nan,
20190321,534775033,404451.1054371912,7028606.689150221,1776.2059308238,1553142487.7979329,8564.880000000001,257.222,15.0,1151,B737,
20190321,534775033,404889.10543718084,7029969.183414436,243.52515285091056,1553142493.0646307,8564.880000000001,257.222,15.0,1153,B737,
20190321,534775033,405145.1054371748,7030765.527093979,14.896574626304549,1553142496.1428833,8564.880000000001,257.222,15.0,1154,B737,
20190321,534775033,406043.10543715354,7033558.951407372,97.85444803084697,1553142506.9408164,8564.880000000001,257.222,15.0,1157,B737,
20190321,534775033,408108.1054371047,7039982.583041177,1415.5140013939276,1553142531.7712524,8564.880000000001,257.222,15.0,1165,B737,
20190321,534775033,408367.1054370986,7040788.258873214,1000.5416153481228,1553142534.8855782,8564.880000000001,257.222,15.0,1166,B737,
20190321,534881233,403563.12318670814,7028895.860564358,842.3412139203638,1553190172.0918603,6122.67,140.700434,14.5,1151,B190,
20190321,534881233,403986.3461194,7030243.658721547,700.0826385214998,1553190182.0271356,6118.860000000001,140.95765600000001,15.5,1153,B190,
20190321,534881233,404220.34611939447,7031036.3932123,948.7594292656045,1553190188.0358787,6118.860000000001,140.95765600000001,15.5,1154,B190,
20190321,534881233,405050.34611937485,7033848.229226513,1131.8419680842528,1553190209.3489416,6118.860000000001,140.95765600000001,15.5,1157,B190,
20190321,534937793,331844.30751834554,6940514.177902257,1500.676441863182,1553204365.3950999,6096.0,144.04432,198.0,1029,B190,
20190321,534902941,404032.65939873725,7030224.924145436,650.3660704993025,1553196458.3294446,8831.58,238.959238,15.0,1153,B737,
20190321,534902941,404263.6593987318,7031019.191496513,902.3622211618335,1553196462.3565288,8831.58,238.959238,15.0,1154,B737,
20190321,534902941,405082.6593987124,7033835.230286696,1097.1768018850507,1553196476.6343725,8831.58,238.959238,15.0,1157,B737,
20190321,534899380,356599.30231433635,6974898.168641721,669.815514639168,1553196325.6308405,6423.660000000001,111.634348,194.0,1075,B190,
20190321,534915143,387707.2825694033,7014238.070568079,865.0239903824474,1553200436.883736,10972.800000000001,242.817568,200.0,1128,nan,
20190321,534757224,403516.167218864,7028919.641478288,790.4449488165909,1553132622.6671002,5955.030000000001,162.564304,15.0,1151,DH8A,
20190321,534757224,403924.1672188544,7030264.871409705,765.7338579309227,1553132631.1447885,5955.030000000001,162.564304,15.0,1153,DH8A,
20190321,534757224,404166.16721884866,7031062.777398437,1008.2321038988684,1553132636.173221,5955.030000000001,162.564304,15.0,1154,DH8A,
20190321,534757224,405017.1672188286,7033868.636887739,1169.4818894127454,1553132653.8558502,5955.030000000001,162.564304,15.0,1157,DH8A,
20190321,534899218,332224.81534243317,6940499.375928825,1119.8850737039743,1553197237.6981337,1447.8000000000002,71.507716,180.5,1029,C185,
20190321,534870874,403348.36243483797,7028941.492695788,624.1816065664038,1553185057.4703825,8492.49,235.35813000000002,17.0,1151,nan,
20190321,534870874,403840.3624348263,7030333.633363556,866.8194863437502,1553185063.6056914,8492.49,235.35813000000002,17.0,1153,nan,
20190321,534870874,404120.3624348197,7031125.908540335,1071.495411857385,1553185067.0973306,8492.49,235.35813000000002,17.0,1154,nan,
20190321,534870874,405099.3624347965,7033896.042104858,1099.9688436952333,1553185079.305598,8492.49,235.35813000000002,17.0,1157,nan,
20190321,534870874,407624.2391817622,7041076.918277822,1796.7440483842465,1553185113.2080824,8157.21,224.297584,17.0,1166,nan,
20190321,534772501,388832.7070100918,7013985.235304361,1997.832206513003,1553140698.8738694,10058.4,200.63316,197.5,1128,B738,
20190321,534772501,390021.7070100637,7017290.366380494,1821.1445148154587,1553140683.012367,10058.4,200.63316,197.5,1132,B738,
20190321,534772501,390668.7070100484,7019088.869161197,1763.825992810986,1553140674.3812551,10058.4,200.63316,197.5,1134,B738,
20190321,534772501,391323.7070100329,7020909.609997923,1153.5272216903966,1553140665.6434214,10058.4,200.63316,197.5,1136,B738,
20190321,534772501,391602.70701002626,7021685.162201658,670.1157821698621,1553140661.9215047,10058.4,200.63316,197.5,1137,B738,
20190321,534772501,392812.46781485324,7024945.696846434,1279.8011793489054,1553140646.6541011,10058.4,205.7776,199.5,1141,B738,
20190321,534772501,393097.4678148465,7025708.498358906,1869.4764927434328,1553140643.102708,10058.4,205.7776,199.5,1142,B738,
20190321,534912202,379173.62998405605,7003030.993182203,1680.7291657774394,1553199422.3544319,11887.2,210.92204,197.0,1113,B737,
20190321,534912202,379437.6299840498,7003792.412697372,1544.8125710216916,1553199419.9747062,11887.2,210.92204,197.0,1114,B737,
20190321,534912202,379734.6299840428,7004649.0096519375,1062.3615684418328,1553199417.297515,11887.2,210.92204,197.0,1115,B737,
20190321,534912202,380015.62998403615,7005459.459969219,735.0028585385095,1553199414.7645493,11887.2,210.92204,197.0,1116,B737,
20190321,534912202,381305.62998400565,7009180.03260016,98.21311612710741,1553199403.1363447,11887.2,210.92204,197.0,1120,B737,
20190321,534912202,381595.22505049675,7010018.033945529,535.1208411701781,1553199399.203798,11887.2,210.92204,197.0,1121,B737,
20190321,534912202,381868.2250504903,7010819.744474973,987.8522806630257,1553199389.8804302,11887.2,210.92204,197.0,1122,B737,
20190321,534912202,382169.2250504832,7011703.681725383,1451.263930967689,1553199379.6008193,11887.2,210.92204,197.0,1123,B737,
20190321,534761636,404045.2085716656,7028764.437459233,1341.7652924301074,1553134229.2630782,6873.240000000001,223.78314,14.5,1151,B738,
20190321,534761636,404449.208571656,7030107.339061577,217.57048161879436,1553134233.383783,6873.240000000001,223.78314,14.5,1153,B738,
20190321,534761636,404688.2085716504,7030901.778375834,461.93394230497313,1553134235.8215265,6873.240000000001,223.78314,14.5,1154,B738,
20190321,534761636,405533.20857163036,7033710.570093609,629.7764397316573,1553134244.4403274,6873.240000000001,223.78314,14.5,1157,B738,
20190321,534761636,407715.2085715788,7040963.568351814,1675.1201119165685,1553134266.6962125,6873.240000000001,223.78314,14.5,1166,B738,
20190321,534873038,403778.97218452336,7028846.3260062765,1063.2284355786974,1553186172.4218907,4861.56,144.04432,14.0,1151,SW4,
20190321,534873038,404178.97218451387,7030186.282717362,499.0930705700537,1553186181.5667238,4861.56,144.04432,14.0,1153,SW4,
20190321,534873038,404406.4050140171,7030972.669630288,752.3289942123566,1553186187.3497066,4861.56,144.04432,15.0,1154,SW4,
20190321,534873038,405200.40501399833,7033793.328070509,972.4366696482873,1553186209.3304262,4861.56,144.04432,15.0,1157,SW4,
20190322,534996282,404965.2805674241,7029946.212121506,323.07793189719507,1553242198.192876,9284.970000000001,241.78868,15.0,1153,B737,
20190322,534996282,406097.35314620857,7033538.873546251,40.094656921912325,1553242214.1322155,8225.79,239.21646,15.0,1157,B737,
20190322,534996282,408124.3531461606,7039968.572083478,1395.783567920455,1553242243.2483454,8225.79,239.21646,15.0,1165,B737,
20190322,534996282,408379.3531461546,7040777.438944352,985.5890932355655,1553242246.9112034,8225.79,239.21646,15.0,1166,B737,
20190322,535053825,405277.8955956376,7029860.3137995815,647.1570992088781,1553265012.3441308,7315.200000000001,221.21092000000002,14.0,1153,B738,
20190322,535053825,406369.6493426221,7033452.327420429,245.65753335622594,1553265028.5785372,7315.200000000001,221.21092000000002,15.5,1157,B738,
20190322,535053825,408433.6493425733,7039878.841380388,1073.8413112538958,1553265054.3140807,7315.200000000001,221.21092000000002,15.5,1165,B738,
20190322,535053825,408691.6493425672,7040682.155625382,659.0990111074765,1553265057.5310235,7315.200000000001,221.21092000000002,15.5,1166,B738,
20190322,535076520,404179.13016161026,7030203.567254189,504.14763154403965,1553272260.489466,5090.16,156.90542,16.5,1153,SW4,
20190322,535076520,405386.13016158174,7033781.31038343,791.4375961399996,1553272288.575717,5090.16,156.90542,16.5,1157,SW4,
20190322,535076520,407743.31314818293,7040996.827843824,1658.2536270718717,1553272345.2132807,5074.92,159.47764,16.0,1166,SW4,
20190322,534976288,403886.8909939545,7030283.145214669,806.7260806640813,1553229673.9945936,7772.400000000001,219.92481,15.0,1153,B737,
20190322,534976288,404132.89099394873,7031078.018443164,1044.5186176949003,1553229677.8283384,7772.400000000001,219.92481,15.0,1154,B737,
20190322,534976288,404999.8909939282,7033879.461894808,1189.1731399810083,1553229691.3399515,7772.400000000001,219.92481,15.0,1157,B737,
20190322,535143406,403902.5129962011,7030274.270399008,789.1840883698538,1553297676.6203082,7204.71,221.725364,14.0,1153,B738,
20190322,535143406,405010.4538116289,7033875.272435909,1177.844462049941,1553297694.0476549,6652.26,217.609812,15.0,1157,B738,
20190322,535086968,403901.21784037753,7030269.430006307,789.0255276026496,1553276132.3074305,6069.33,157.93430800000002,15.0,1153,DH8A,
20190322,535086968,404976.2178403521,7033872.45235694,1209.7966222947148,1553276155.5443373,6069.33,157.93430800000002,15.0,1157,DH8A,
20190322,535141599,374346.4187936471,6996762.791154649,1849.6787979489095,1553298668.7526183,6400.8,101.85991200000001,198.0,1105,DH8A,
20190322,535141599,374705.4187936386,6997721.571308074,1577.5204547308504,1553298658.74455,6400.8,101.85991200000001,198.0,1106,DH8A,
20190322,535141599,377279.35243905336,7004563.0844705105,747.1424913680946,1553298587.389305,6400.8,102.631578,198.0,1114,DH8A,
20190322,535141599,377603.3524390457,7005422.487365179,1205.1416952612146,1553298578.4291828,6400.8,102.631578,198.0,1115,DH8A,
20190322,535141599,377904.5166345102,7006227.73041393,1511.6925254403602,1553298570.0503075,6400.8,103.403244,198.0,1116,DH8A,
20190322,534960388,403845.08770941925,7030287.229815926,847.9023027642156,1553220174.4136453,8313.42,228.413136,14.0,1153,B737,
20190322,534960388,404085.0877094136,7031083.084933947,1091.7170913296966,1553220178.0816684,8313.42,228.413136,14.0,1154,B737,
20190322,534960388,404930.3385653877,7033885.990016259,1257.6314444897234,1553220191.0,7547.610000000001,223.011474,13.0,1157,B737,
20190322,535096624,403545.3655173845,7030404.535753832,1168.979620210583,1553278446.402264,8976.36,257.736444,15.0,1153,B738,
20190322,535096624,404723.875431389,7034016.753711262,1494.2517652397814,1553278454.5136297,7879.080000000001,242.045902,16.0,1157,B738,
20190322,535138454,379235.70611288986,7003866.257737597,1329.845714267622,1553294471.637187,8839.2,208.34982,197.5,1114,B737,
20190322,535138454,379530.70611288294,7004722.1913649365,845.7203488335828,1553294467.4674582,8839.2,208.34982,197.5,1115,B737,
20190322,535138454,379809.7061128763,7005531.701473504,516.7773476114285,1553294463.5238843,8839.2,208.34982,197.5,1116,B737,
20190322,535097895,379396.1107172375,7003744.605963342,1522.3686647286652,1553282566.228766,6431.280000000001,103.917688,198.5,1114,B190,
20190322,535097895,379733.1107172296,7004606.252742301,1075.7038589447973,1553282557.469819,6431.280000000001,103.917688,198.5,1115,B190,
20190322,535097895,380049.1107172221,7005414.2063985355,782.0955742427988,1553282549.256682,6431.280000000001,103.917688,198.5,1116,B190,
20190322,535093909,372381.2795364683,6993583.93259131,1930.8757222536522,1553278446.8925755,5181.6,105.46102,195.0,1101,nan,
20190322,535093909,373444.99960226717,6997127.602417753,877.9669829488661,1553278410.5234132,5181.6,105.46102,197.0,1105,nan,
20190322,535093909,373773.99960225937,6998088.325764222,576.8719363204527,1553278399.3789933,5181.6,105.46102,197.0,1106,nan,
20190322,535093909,376121.84083973273,7004937.736314711,1963.2115219206999,1553278323.4561307,5181.6,105.46102,195.0,1114,nan,
20190322,534972858,365221.97933047207,6985937.029219042,1504.3173888777326,1553227599.4553154,10058.4,208.092598,196.0,1091,B737,
20190322,534972858,366077.9793304518,6988472.828628912,1570.3485335607927,1553227586.0729694,10058.4,208.092598,196.0,1094,B737,
20190322,534972858,366431.9793304434,6989521.512029722,1998.7129197478255,1553227580.5386817,10058.4,208.092598,196.0,1095,B737,
20190322,534972858,367042.979330429,6991331.527729992,1998.7565409986678,1553227570.9865632,10058.4,208.092598,196.0,1097,B737,
20190322,535116255,378526.5882286659,7004117.343399908,577.6658438927968,1553285610.3035972,10058.4,192.9165,215.0,1114,B738,
20190322,535116255,378808.58822865924,7004970.020180023,82.25903732141019,1553285607.6066763,10058.4,192.9165,215.0,1115,B738,
20190322,535116255,379076.1108071744,7005781.098021627,258.0642795169246,1553285604.3408015,10058.4,195.48872,207.5,1116,B738,
20190322,535080597,403961.672910022,7030256.941878273,727.5428378808577,1553276746.5256696,6126.4800000000005,156.390976,13.5,1153,B190,
20190322,535080597,405031.4679189023,7033846.744265865,1149.5496733884677,1553276772.0089612,6126.4800000000005,145.587652,14.0,1157,B190,
