None,None,1550268445.236946,
