21.29819954988747,200.9134932863746,
179.97411852963242,106.11230064234685,
