20190213,528334484,1187,1550102057.7973852,211.64607547884938,9400.02824242975,33.74689032030504,1550102059.0731912,374.10251441160466,[118.9073738 123.09969403 134.34753381 51.05420401 77.00898132 87.66070183 94.68554401 103.9510058],[32.11742906 688.21705473 6.40450097 84.4204176 14.22488818 15.09073954 16.58044664 7.86750157 10.23457537 11.46687958 11.74274094 12.57311501],__,-49.339999999999975,374.10251441160466,0.2801222458101743,
20190213,528334484,1188,1550102055.0588543,216.18894287118692,9312.099986243604,65.63152249388996,1550102088.099619,299.4358569479415,[26.9333132 54.70702398 70.7712436],[25.41898076 527.79270633 4.77151653 65.67232897 11.16731997 22.77870163 28.92574868],00,-49.339999999999975,299.4358569479415,0.20898379745456475,
20190213,528334484,1189,1550102051.0524852,216.21950020373953,9311.238599284166,11.277848259113751,1550102029.7460573,293.74378432938204,[83.68314927 166.27097011],[23.23288897 486.95154574 7.36326086 48.89792546 6.77877542 13.27312544],__,-49.349999999999966,293.74378432938204,0.23174320927596326,
20190213,528334484,1190,1550102047.071473,216.69030981970073,9319.439635085211,16.930340665010565,1550102031.428817,296.87207449486186,[71.71690421 147.80414496],[23.15279093 486.31375053 4.45363297 42.39397782 6.38767069 11.54338172],__,-49.359999999999985,296.87207449486186,0.23688927368781834,
20190213,528334484,1191,1550102044.5738313,216.58003114254885,9313.27183086284,13.321520753016364,1550102025.2805912,305.24923565676664,[83.38972189 165.25023749],[22.74104858 484.72847693 5.94047069 45.92387529 5.90812654 9.7576912],__,-49.359999999999985,305.24923565676664,0.22399727386165083,
20190214,528524104,1137,1550188240.6399717,225.10871641953588,8924.14371873886,104.8888515974238,1550188242.469377,315.72903745153457,[59.90826206 79.72750725],[23.1488533 485.76909496 3.10989315 43.32991508 7.42784819 9.85709275],__,-57.49999999999997,315.72903745153457,0.3301189858470315,
20190214,528524104,1142,1550188220.619814,224.8925354603065,8746.064353306483,95.92822765249653,1550188213.1914508,322.3530234447086,[81.7897793],[20.9175122 442.19277953 2.85514071 39.59445164 7.99468283],__,-57.48999999999998,322.3530234447086,0.27230590152142925,
20190215,528662066,1078,1550251301.4021838,241.2672270456758,10092.329092854756,73.50564164898219,1550251274.2947943,334.89992492112196,[74.59791931 81.00611771 224.81436887],[24.35864767 521.9763801 4.51394059 43.60890962 6.67411139 7.23933936 12.56900172],__,-58.869999999999976,334.89992492112196,0.24974502892572276,
20190215,528662066,1079,1550251303.6867604,242.35969979727162,9967.224504596868,74.30546430132821,1550251277.171579,336.39386080964397,[73.39820914 81.19324591],[23.12277109 485.77859948 4.01409599 41.48637179 6.78215769 7.37040789],__,-58.87999999999997,336.39386080964397,0.24812792031004904,
20190215,528662066,1081,1550251308.4605026,243.11504567116893,9913.238487656861,77.68646903296802,1550251285.2985682,344.47326978864925,[71.14423425],[21.52370542 445.84900843 7.05789677 45.56177007 7.57275344],__,-58.889999999999986,344.47326978864925,0.169970355353306,
20190215,528638127,1120,1550244149.966018,234.36735826813756,9466.776282387782,110.34256257308186,1550244159.1358018,313.13770272250724,[53.58099028],[21.7171199 446.40749892 4.83035744 40.81382377 10.95175981],__,-59.48999999999998,313.13770272250724,0.2060613467543195,
20190215,528638127,1123,1550244138.8302903,234.8408373741741,9430.32453351716,104.06408950515093,1550244141.6578104,290.4924284146644,[49.64200419],[21.61400755 445.29909643 3.2206794 33.3501557 7.2962969],__,-59.51999999999998,290.4924284146644,0.26581738878320926,
20190215,528638127,1126,1550244127.9022815,235.012195631134,9587.780721667832,104.88418485974445,1550244131.8420181,306.8883718780911,[57.26036862],[21.56305055 445.37383016 4.29114507 36.34257169 7.1451358],__,-59.54999999999998,306.8883718780911,0.2440237521689673,
20190215,528580331,1149,1550219524.2013454,216.87417590244021,8424.202596245237,103.99855242009454,1550219524.9449112,302.0171602541566,[67.9565628],[21.68261617 446.52522045 6.39176675 42.90240951 11.38421909],__,-56.79999999999998,302.0171602541566,0.1578409495375956,
20190215,528580331,1177,1550219635.049009,214.39831427229808,7982.920193650125,103.82333530415809,1550219634.6859887,347.18866811339126,[14.55186294 24.13392105 34.75356792 37.06305843 57.65738301 72.25663628 97.62194449 114.54387184 134.42253992 157.28347377],[35.31493089 743.82534462 9.38002688 89.88259083 6.2765872 7.61762037 7.95199921 9.60401134 10.15400588 11.07127254 12.99692441 15.86795827 17.63729691 22.15574964],__,-53.43999999999997,347.18866811339126,0.27151836011200015,
20190215,528580331,1182,1550219657.6860824,212.10471640745138,7348.470003630637,112.02806608503398,1550219664.3319335,362.0269511635519,[75.67266379 165.18877781],[22.4389934 481.41336944 4.61281516 56.42851036 5.4343822 9.13681598],__,-48.359999999999985,362.0269511635519,0.2213703261583486,
20190216,528774940,1150,1550307391.8307621,216.77188262466737,8605.654781655892,106.05269650423982,1550307394.8776236,396.3115555086157,[151.55958489 189.32471573],[23.07754563 486.58885152 4.12625339 53.6552441 11.34565624 14.29809483],__,-55.74999999999997,396.3115555086157,5.7024935751833175,
20190216,528824358,1115,1550329800.842608,190.75467848668447,9651.761256497599,23.445960606925077,1550329723.2994144,293.3682561837361,[71.25461885],[21.29842516 446.07381436 17.52593049 71.15653855 8.06731325],__,-62.75999999999999,293.3682561837361,0.10200718394703764,
20190216,528824358,1125,1550329694.6950753,189.8094705926001,9439.523347063645,84.47728092196057,1550329677.9672856,301.51129695546246,[69.76018503 163.44054106],[22.27373662 484.67543809 5.09704191 45.78397682 5.04525711 10.0510468],__,-62.829999999999984,301.51129695546246,0.17763748989543393,
20190217,528987208,1115,1550416623.3992617,207.89069642953103,12087.902280830158,104.08610052632126,1550416631.0200894,282.781496961008,[61.43724787 118.36940159 210.66734263],[24.37936625 525.60387792 8.86590444 48.03622779 5.38965193 8.99193519 14.28008082],__,-54.389999999999986,282.781496961008,0.2795216490636505,
20190217,528987208,1116,1550416619.3018746,210.10598916258778,12015.457147768411,84.19891715071401,1550416606.9520972,273.6532742294873,[86.95166727 236.08833585],[22.7632719 487.03512942 11.60115359 49.83878916 7.57485196 13.3013818],__,-54.389999999999986,273.6532742294873,0.33117175809228866,
20190217,528987208,1119,1550416605.2716827,209.50081763899962,11901.463713956882,90.6869605886582,1550416599.3063958,294.2489610138279,[86.10812 227.54153891],[22.9167848 487.65162226 12.05137947 56.17096541 6.98580842 13.38120548],__,-54.369999999999976,294.2489610138279,0.23538172161747226,
20190217,528987208,1125,1550416579.4921367,209.35896893233217,11956.900733009563,95.75310009795386,1550416578.72513,287.09717979733745,[74.51009487 218.32619429],[22.7280764 486.78057308 5.81973155 40.77278086 8.03832838 14.02920803],__,-54.349999999999966,287.09717979733745,0.2526633100197912,
20190218,529094492,1178,1550468741.9107606,204.80920411414226,5730.251655115403,200.86921931142538,1550468834.4126425,376.5028849350093,[43.63869411 92.72295344],[23.14895128 484.31788773 3.1772588 76.56464059 17.68383349 37.02907788],00,-39.339999999999975,376.5028849350093,83.72897212851089,
20190220,529532212,1115,1550676112.0706213,182.11068355902677,8445.667252280336,101.63968516439095,1550676110.423045,301.1410313512458,[68.3856659 138.4606106],[22.82455192 486.80218699 9.21252645 59.19163094 5.65513962 10.78666016],__,-50.869999999999976,301.1410313512458,0.15421897747464813,
20190224,530182676,1160,1550986962.7569215,209.79716739603106,7874.180711486414,86.8586174007191,1550986945.159723,318.5531965238775,[36.84605226 184.35689906 75.7703173],[25.10205594 525.5217221 5.64575214 55.27910258 4.54009184 15.04972502 7.96300495],__,-43.569999999999965,318.5531965238775,0.2720453891662489,
20190224,530179897,1113,1550984668.5270834,225.2747928558291,10138.891574269684,72.66877033734905,1550984640.7463102,316.30626333435487,[136.55309916 205.46128704],[23.42496727 488.60355081 12.66945786 71.64154801 14.12151618 21.32362218],__,-63.42999999999998,316.30626333435487,0.24996372153927587,
20190224,530170896,1152,1550978126.762608,213.61988146490293,8569.299685039246,89.04427779138972,1550978112.5102339,299.82968234383657,[176.14717144],[21.82028234 446.33370773 24.30426425 136.75480437 35.98444478],__,-50.23999999999998,299.82968234383657,0.12107896948879564,
20190225,530451317,1138,1551115892.2222235,225.71111058224886,10277.383817952026,73.22450086597053,1551115865.636279,321.6397504717492,[43.36669007 70.64846375 106.08330983 204.94147654 137.38821886],[27.41904569 592.64011206 5.72593111 53.07685894 5.75429524 6.73282473 9.61586617 14.48950383 12.17828179],__,-65.69999999999999,321.6397504717492,0.25731124126340915,
20190225,530451317,1223,1551116179.8062184,224.56403741708118,10654.207075961745,80.14923149151807,1551116160.2760382,316.8357682284329,[72.61582381 210.66217497],[23.60283911 488.1116104 28.20061456 151.32055723 13.77485854 38.39018591],__,-65.76999999999998,316.8357682284329,0.18764499519205327,
20190225,530451317,1230,1551116208.8952773,225.38854798969646,10618.757821430063,78.46640886415258,1551116187.531195,312.75305882277735,[73.07425769 212.49463163],[23.53343089 488.75728482 10.17781954 55.75739187 7.76904306 17.78770866],__,-65.77999999999997,312.75305882277735,0.11084713326190725,
20190225,530451317,1274,1551116376.5131433,221.33797227463754,10883.727213170047,76.83604529750143,1551116353.5741725,338.18301939625417,[66.9810248 194.52542932],[22.92650069 486.94291973 7.79143829 54.45033084 5.49129984 11.99951981],__,-65.80999999999997,338.18301939625417,0.3594516915231119,
20190226,530542299,1128,1551157696.2563736,205.29022168641524,10010.074073777128,81.23670858258272,1551157677.0258574,305.31178552888065,[72.07155389 213.57999362],[23.22195621 488.09917599 10.019139 56.87058662 7.09415465 15.46657404],__,-62.93999999999997,305.31178552888065,0.11507678127015018,
20190227,530810421,1246,1551280346.1834395,200.6343564217033,9253.147611687225,100.4225976010111,1551280344.237115,304.7042372592367,[84.11138263 171.10135821 229.96183327 256.85109707],[25.58842697 558.53844996 9.03677349 62.3064776 6.36940439 12.35030579 14.23431054 15.31408211],__,-55.02999999999997,304.7042372592367,0.31504826989176987,
20190302,531326239,1163,1551515882.9635725,200.6496101764374,7353.69996169578,41.08989054370328,1551515818.4951792,315.1326259184937,[167.53469538],[20.7348431 443.26287248 13.07924257 91.55549414 17.87238539],__,-45.889999999999986,315.1326259184937,0.1961704056905494,
20190302,531374790,1120,1551540612.4334652,200.0441262616881,8813.981502714674,55.88290426025227,1551540565.7635992,307.0424335308287,[63.12748198],[21.24483456 444.96654141 5.31675205 43.96430723 6.73683745],__,-55.39999999999998,307.0424335308287,0.18252598100660647,
20190302,531374790,1121,1551540608.368961,200.15979451707338,8823.53951156781,54.25359686111084,1551540560.0876641,313.9712017243316,[66.38137002],[21.24764599 445.33045502 6.18176553 47.84195733 8.35916371],__,-55.389999999999986,313.9712017243316,0.15373352234517806,
20190302,531390184,1218,1551547809.3425,223.1046422564069,11156.324578141493,72.29279683786069,1551547782.8495965,300.70004754777295,[24.9443707 73.57954248 113.00910215],[25.55678316 528.18743012 8.30670536 48.70039792 4.59424707 10.30086277 15.78963782],00,-60.27999999999997,300.70004754777295,0.2493950210763896,
20190302,531390184,1278,1551548018.779305,225.46111781395646,11601.990437723423,87.12957233039603,1551548007.410286,310.77143305474516,[69.3405705 205.2351354],[22.66381514 485.82700252 5.54649672 40.70693793 6.1418999 12.07659482],__,-59.51999999999998,310.77143305474516,0.3300086331440296,
20190302,531390184,1282,1551548034.3967364,223.90824284472578,11569.111373855576,89.17730329122459,1551548024.99254,340.66287809793766,[83.53088631 207.15458856],[23.10435786 488.21405767 14.06971695 78.21961458 7.28864703 17.52758283],__,-59.46999999999997,340.66287809793766,0.2802883582303984,
20190303,531449653,1248,1551579055.1956022,211.97472818117828,8786.838985741002,96.94708027195252,1551579048.3056123,301.6477071356472,[88.12479311 175.93958282],[23.33793246 487.46978688 6.26125693 49.97633058 7.90806132 13.85589453],__,-53.64999999999998,301.6477071356472,0.2378146885215951,
20190303,531449653,1252,1551579047.24249,211.85420468005447,8740.443632104449,106.28624812279934,1551579049.610672,312.66704694008007,[75.19041354 154.27271858],[22.44972534 482.79477292 3.21375476 42.47116765 6.21084373 10.60375153],__,-53.639999999999986,312.66704694008007,0.219368016005023,
20190303,531464500,1121,1551589500.7898324,209.7945848505042,11392.886726417317,78.19139733705615,1551589480.9111278,294.2963354843689,[74.06715724 216.03687873],[22.71771655 486.47240559 4.96931425 41.73790117 8.20447083 14.81272438],__,-59.309999999999974,294.2963354843689,0.16827004836126222,
20190303,531464500,1126,1551589480.3669498,207.8805308289552,11267.659149024126,87.24994083597238,1551589469.3407335,351.2523231206109,[83.49054232 136.78134179 205.62440068],[24.65429783 526.9606119 8.67958193 64.12559321 7.3763652 11.36457191 14.63554628],00,-59.309999999999974,351.2523231206109,0.25834324400427316,
20190304,531744291,1127,1551734006.9783084,233.51814606195464,10153.261842999142,100.9880059687738,1551734006.9055178,312.4231020991475,[66.77679078],[21.67991398 446.37627951 4.32787054 39.90800703 11.35638294],__,-64.25999999999999,312.4231020991475,0.16087327418661737,
20190304,531744291,1130,1551733996.4711094,233.68426355288375,10094.15331023194,97.97696562747402,1551733993.3354897,329.28983532304034,[79.91340014],[21.35921615 445.18214637 3.65662423 41.61497759 10.01943519],__,-64.24999999999997,329.28983532304034,0.1866537793197811,
20190304,531728388,1179,1551728298.6137395,196.80542557135723,6511.840874146342,97.18607505220497,1551728288.609722,287.5997247520606,[59.18695813],[21.34144804 443.70220477 5.21031541 42.73030762 6.78924189],__,-37.48999999999998,287.5997247520606,0.23273315408569012,
20190306,532005225,1130,1551858160.0920649,188.07501190793997,9411.606681190622,105.24622419625369,1551858163.679829,288.13001316043506,[61.57071537],[21.22451365 445.5195507 6.53019454 45.18759529 7.7183473],__,-59.099999999999966,288.13001316043506,0.192373810781349,
20190306,532063971,1154,1551886023.475917,242.16312674505133,7596.07455587671,108.13340782008446,1551886026.7955441,332.019535349634,[58.85122458],[21.4338349 443.42590058 3.12024685 38.81747716 7.03357369],__,-43.789999999999964,332.019535349634,0.1677186429159733,
20190308,532390817,1148,1552030566.1711402,204.6080984777926,8939.519091726881,110.85998151383627,1552030574.448606,323.45347400077,[61.83101409 189.5781193],[22.76299965 485.312633 5.67216161 50.34632578 5.00087108 10.21649036],__,-53.23999999999998,323.45347400077,0.26041412481262444,
20190310,532831995,1111,1552249891.6062372,216.50641217424507,9602.380441326195,78.71502723534383,1552249868.1820989,304.5882907529446,[72.21782968 171.19565101],[22.97468589 485.86838557 5.00422133 43.4230186 5.65110431 10.96280893],__,-51.92999999999998,304.5882907529446,0.19761962791187657,
20190310,532856574,1133,1552261586.575213,246.2253643106371,7697.68405248648,158.45025612969857,1552261639.8672316,369.84024177993837,[85.95909768 111.22067491 94.58504684],[23.55221619 511.55795928 1.04109776 39.10484118 11.82736854 15.34117417 13.17638438],00,-53.069999999999965,369.84024177993837,532.3371426870383,
20190311,532868797,1111,1552267469.234787,221.42701598441087,9092.371618556659,101.11287353457132,1552267467.3015776,306.49673651520976,[71.71364983 198.31548773],[23.4132168 487.8026369 8.70928439 56.51027661 6.23569576 16.73740149],__,-56.059999999999974,306.49673651520976,0.2197598057950994,
20190312,533194266,1151,1552419414.716298,215.55203600000002,6989.1481741673115,104.52251276360681,1552419412.8496292,299.302,[133.19456786948444],[22.36067977 447.2135955 67.08203932 178.8854382 111.80339887],00,-53.329999999999984,299.302,Forward Model,
20190313,533346695,1117,1552493087.1343977,240.98156161452235,10241.773698175899,61.41738058958052,1552493048.4529748,311.59446398713226,[73.09598432 201.71791128 277.5710921],[24.71657809 523.65783824 5.61902004 44.63757035 7.18405781 12.485554 13.41053188],__,-58.95999999999998,311.59446398713226,0.3971080814305568,
20190313,533346695,1118,1552493091.6441648,241.7291934280498,10211.594384342317,49.769404726146426,1552493041.2938445,302.2025218059076,[100.51781169 225.10170419],[23.36281921 487.20079573 8.19857179 49.47517673 8.87755837 15.18158186],__,-58.96999999999997,302.2025218059076,0.19864094134036014,
20190313,533257731,1110,1552449717.4947624,208.9435646485375,10299.501397407048,98.46822021244336,1552449715.6130652,298.0076267744228,[72.75448692 215.02310172],[22.91979137 486.71823353 8.19696147 48.94273711 6.37451513 13.5864933],__,-60.45999999999998,298.0076267744228,0.15088532490388853,
20190313,533257731,1112,1552449708.1207361,208.90077297824902,10225.14744060293,101.42413613451797,1552449709.0295045,301.11788109035575,[71.00068353 139.6780392 213.32682715],[23.23370477 520.13511654 4.14059072 40.34669262 5.71585654 9.99963377 12.07350458],__,-60.45999999999998,301.11788109035575,0.22416697236688293,
20190315,533724349,1112,1552667226.9814253,209.41479336955712,10307.997170237335,99.2569405625202,1552667226.0585115,297.6803742029656,[72.02751065 118.53797171],[22.82226374 486.17895207 4.53574802 42.88904292 6.37191314 10.77221801],__,-58.349999999999966,297.6803742029656,0.2487563610181018,
20190315,533724349,1114,1552667219.2946203,208.7763216911796,10181.983018493138,104.51126345188176,1552667223.4350128,291.85989251157537,[65.39990472 78.67833361],[22.82982553 485.99650616 4.6963535 40.96354597 6.80157514 7.72319547],__,-58.349999999999966,291.85989251157537,0.26220571362274564,
20190315,533644711,1100,1552631417.8798895,219.4455316059455,10951.777934533438,97.69696292432465,1552631416.2809517,288.5939704512378,[74.96020352],[21.55206189 446.05594743 6.35926222 38.13758753 7.73707],__,-51.65999999999997,288.5939704512378,0.15733635282606673,
20190315,533633771,1183,1552625267.7826202,195.6178424150153,6005.300664294737,104.6429043841766,1552625264.4465308,303.9267502403197,[179.92472182],[20.90544132 441.22497037 14.7759726 119.69418402 25.05933125],__,-46.839999999999975,303.9267502403197,0.09810113576671801,
20190315,533633771,1184,1552625271.8452675,196.45503006273796,6142.944324488946,101.73379167466403,1552625265.8234026,292.25252479107104,[183.52052462],[21.12444531 441.48017929 17.9730991 134.98763046 31.00846563],__,-46.839999999999975,292.25252479107104,0.09971100124584023,
20190317,534079512,1195,1552839112.6075866,176.6406438142165,8509.145582145431,99.94911693174079,1552839109.0653024,293.2028140995899,[71.54332052],[21.10312187 445.53156793 10.66636213 53.99797536 7.53828324],__,-55.49999999999997,293.2028140995899,0.15117589806480025,
20190319,534535887,1128,1553036220.2143233,207.16029655713083,8987.32289649766,100.97888361560625,1553036217.830987,296.9963044866245,[72.31017146 174.26499593 156.71032102 218.76410234 110.94509852],[27.46548158 592.63910144 8.30142871 62.59939946 6.85103256 13.52943895 12.40191534 14.69413502 8.93708127],__,-56.309999999999974,296.9963044866245,0.24741510534674413,
20190320,534573292,1128,1553054544.2076008,195.95882960006261,10099.275893590626,56.81123102082954,1553054500.455591,298.3992133891147,[72.10862728 143.639966],[22.86012751 486.97102201 7.5192494 49.89956172 5.58122749 10.89566831],__,-60.389999999999986,298.3992133891147,0.18309478506015142,
20190320,534573292,1131,1553054534.2796428,195.79842297403866,10038.966688428565,54.22922103413417,1553054487.8925765,298.5990676303679,[72.04973723 215.36017186],[22.62583208 486.16008989 7.57031276 48.95144337 5.89863472 12.05997183],__,-60.359999999999985,298.5990676303679,0.14560161801170154,
20190320,534573292,1132,1553054530.5741374,195.7645181390975,10094.478644747975,50.23345019882519,1553054480.2930486,292.88490960914976,[73.02126153],[21.43660416 446.44221343 12.77502563 54.31657155 8.93459414],__,-60.349999999999966,292.88490960914976,0.07131108781006251,
20190320,534573292,1133,1553054526.5889711,195.78479663416078,10109.008186733618,50.32606138401542,1553054476.4483068,294.18802238637636,[71.62906053],[21.44293941 446.34245492 9.27835335 48.13515074 8.08592323],__,-60.339999999999975,294.18802238637636,0.11487749041685945,
20190320,534573292,1134,1553054523.151474,195.76839209285268,10087.530023671008,50.133036458682774,1553054472.788168,296.5887002144116,[72.02055781],[21.46004592 446.49405942 10.04605283 49.38494893 8.61115915],__,-60.329999999999984,296.5887002144116,0.11628044245687888,
20190320,534573292,1135,1553054519.5508413,195.74373880821102,10097.288134634837,50.01401034034575,1553054469.0949626,297.8248514542599,[70.50906119],[21.45848919 446.42979999 7.05474077 46.65661991 8.98941272],__,-60.319999999999965,297.8248514542599,0.09095494408798045,
20190321,534756696,1094,1553131573.1811078,213.00661087373854,11172.078873301192,83.78891105566409,1553131557.6272392,272.91302814322404,[62.70134152],[21.47607171 445.79333154 3.85911163 34.85004013 8.07801809],__,-55.71999999999997,272.91302814322404,0.28236515964253744,
20190321,534756696,1097,1553131557.4699712,211.94023478729892,11268.447009560834,82.05907688582701,1553131540.307274,268.23105310758524,[70.01273735 137.16143429],[23.64449539 488.95709145 11.54573667 49.25612324 8.00041035 16.04074767],__,-55.54999999999998,268.23105310758524,0.23557644297775773,
20190321,534756696,1109,1553131497.7379549,207.9196518587427,11091.246840401836,91.76902509954232,1553131489.9474971,302.4081160227033,[82.86357106 167.47792282],[23.20728301 488.35211324 13.85081516 66.38398856 7.70760894 15.49695169],__,-56.20999999999998,302.4081160227033,0.20953870025799484,
20190321,534871684,1120,1553185003.715932,199.84511170838024,9430.042497491871,92.23521367940522,1553184994.294151,285.2050941912212,[60.52679092],[21.28427656 445.16953796 5.33628579 40.76594646 7.48037854],__,-61.099999999999966,285.2050941912212,0.1873272521916672,
20190321,534871684,1121,1553184999.856082,200.93342642426992,9424.473415622451,84.45293887484078,1553184982.6575668,293.21605843717117,[73.06403292],[21.38924846 445.86379467 8.52658493 46.4322641 9.23993862],__,-61.099999999999966,293.21605843717117,0.13655991704602058,
20190321,534871684,1122,1553184996.1677809,200.87303321508168,9448.639875017308,85.05283097587902,1553184979.613845,291.85860028122204,[71.46384826 53.91505602],[23.60735796 489.11025091 7.40864116 50.10879441 13.89732237 10.59109411],__,-61.089999999999975,291.85860028122204,0.17947337804580737,
20190321,534871684,1123,1553184992.0934947,200.71348381025155,9500.101882012937,86.61763125157348,1553184977.1905024,299.73062967783414,[69.52234339],[21.31673092 445.55100031 6.61853606 43.78937996 7.05251043],__,-61.089999999999975,299.73062967783414,0.2754113257590751,
20190323,535331684,1157,1553384477.029939,202.59628917845905,5669.814543093953,84.02664948203825,1553384451.9301784,323.71771314274497,[53.05239648],[21.37551042 443.98302998 5.86263408 50.75547598 6.93664194],__,-32.099999999999966,323.71771314274497,0.14125768359276764,
20190323,535324109,1114,1553380402.8054247,210.19450640261437,10127.756262679633,82.61747406676699,1553380383.8103464,292.5498427999424,[72.64256642 145.92191949],[22.95644826 486.68339916 8.92559811 50.29208148 5.71586517 11.4941198],__,-59.589999999999975,292.5498427999424,0.1813490108572932,
20190323,535324109,1116,1553380394.8947344,210.45907076689468,10147.3736149841,81.73443363904747,1553380375.0885851,295.19934553971626,[75.19435011 146.9085536 166.42560269],[22.98876982 518.97147923 3.60740573 38.38121832 5.77469754 9.58330372 10.20689275],__,-59.609999999999985,295.19934553971626,0.2323848152243204,
