20190212,528131101,1247,1550010366.3169231,79.89863558973988,125.2936153012113,7978.546805728018,[58.95999394 117.58484675 178.2504916],[2.94759132 420.01488008 1.99954609 8.68852517 0.61306995 1.26178581 1.87196271],__,-44.70999999999998,288.85090155949445,0.07050507274865159,
20190212,528131101,1253,1550010322.5237422,64.73270335531058,128.32979440418666,9279.421822716757,[66.17335845 134.57935486],[2.72852335 468.69189943 5.26385639 9.40882839 1.08642535 2.22434939],11,-44.819999999999965,284.3725169165933,0.27375145095491793,
20190212,528131101,1254,1550010314.7692683,95.02866752176307,124.17290385707344,7652.040426435069,[58.55048734 117.23974548 175.69618746],[2.9938297 397.87427533 1.55127633 8.36961491 0.52565656 1.02547211 1.57940812],__,-44.839999999999975,288.8561823036449,0.08050375520358803,
20190212,528131101,1263,1550010252.29633,81.45721329643771,126.48427273343081,7850.942018915785,[63.99152947 130.08135798 197.43075708],[2.96362833 430.25516153 2.20519857 9.01320992 0.62146313 1.27317074 1.91163371],__,-44.99999999999997,291.2311343890246,0.11196923946726163,
20190212,528131101,1300,1550009992.7188888,98.23489760641817,127.2648539859341,6742.876678121391,[62.11755415 124.6843088 188.53592805],[3.06773082 356.26891005 1.25782541 8.12618043 0.4275541 0.81787418 1.28355787],__,-45.639999999999986,302.4739568640553,0.05165779944905326,
20190212,528131101,1304,1550009965.883775,85.50996668538139,124.40592809005483,7129.131861542856,[66.78810706 135.13781984 205.73609656 253.39891877],[3.02690404 399.40101011 1.68509385 8.75166333 0.49389159 0.89529411 1.33629031 1.55440312],11,-45.70999999999998,303.19164139259834,0.10948700665207504,
20190212,528100746,1232,1549993686.3155115,32.373560822540014,135.2869370944854,13635.224322746206,[58.7932034 118.03774454 178.99891343],[2.58364174 471.65888912 3.41004764 8.61795885 0.72648248 1.41869199 2.16006994],11,-42.839999999999975,254.1951320979678,0.801607033090325,
20190212,528100746,1234,1549993700.3476908,85.279499949576,129.50170960173978,8066.651992988086,[57.27478909 114.47992136 172.1723887],[2.92364692 374.49410747 1.14394973 7.80394473 0.41999766 0.77023365 1.16430187],__,-42.87999999999997,297.93794033116455,0.0846346018916492,
20190212,528100746,1242,1549993750.1833832,86.24536596662381,134.38632648358188,7018.412166472081,[58.69887585 117.84635099 176.4397683],[2.96744299e+00 3.64689009e+02 1.25775659e+00 7.77503951e+00 3.36861005e-01 5.84362309e-01 8.99618661e-01],__,-43.02999999999997,313.0548738520684,0.10978491116557289,
20190213,528269862,1160,1550076307.7984676,77.33575342876226,147.73702891265953,9547.0722298155,[54.17501722 108.37734458 162.16391486],[3.15115344 411.46827978 1.48336794 7.69797664 0.67856047 1.25160234 1.93806682],11,-44.98999999999998,279.43825413171675,0.20764307134643037,
20190213,528269862,1161,1550076314.9807935,76.07223348390853,149.42666723881953,10587.238644929212,[38.49807256 52.71641399 69.36260578 105.08946513 157.09064375],[3.05611272 417.21610708 1.58057283 7.43551129 0.71008514 0.6538605 0.91450926 1.22465323 1.85733317],11,-44.98999999999998,274.02115895143595,0.33839155166603035,
20190213,528269862,1169,1550076364.2363093,82.59835013077345,145.46751689072806,6284.8070219535675,[14.62595558 29.85014874 59.75773294 76.67514928 119.54704627 178.42274688],[3.13777602 363.92601102 1.0742046 7.58666275 0.45540836 0.57907627 0.46404502 0.70448566 0.82752321 1.30500432],__,-43.099999999999966,321.3011766843423,0.14074582349391412,
20190213,528269862,1175,1550076401.2533002,86.2879916499326,138.7186984333897,5474.778510480558,[60.22503451 120.87606197 177.83985936 237.90607219],[3.21504704 276.703731 0.73881316 7.37514078 0.36879065 0.61503694 1.04732457 1.34479148],__,-41.099999999999966,317.65567097477003,0.049206184359049034,
20190213,528312446,1196,1550099141.4597604,77.58888842729571,158.1594010418718,8100.302086107766,[58.66511061 79.86984243 122.01476884 182.32908122 238.95237287],[3.23194288 336.03561818 0.9442784 6.93946084 0.38175266 0.60699903 0.70318753 1.07930947 1.31463256],__,-47.889999999999986,313.5407535275492,0.18320785853831262,
20190214,528505895,1021,1550187287.5705833,87.93005004660704,154.73987170666118,9305.866025594103,[55.26600793 77.91385619 109.99669356 150.42153064 216.18079271],[3.26658879 355.96495091 1.02824211 7.21450707 0.50607555 0.78497881 0.9083156 1.31250291 1.78776337],11,-37.17999999999998,290.8067325235358,0.09112576027557581,
20190214,528466553,1097,1550165290.901515,105.77622068295204,131.06096688306178,4726.462194266574,[61.9946809 124.43084449 187.01207152 223.57903238 243.76590953],[3.25200115 251.39218387 0.74445009 7.91072989 0.46705186 0.7942321 1.23262901 1.37430635 1.45481397],__,-41.51999999999998,315.11498358003024,0.034350725822472825,
20190214,528466553,1109,1550165212.1098206,108.09009228408307,137.54117732790948,5226.489269854651,[29.66456616 44.36105515 59.31911914 76.35950351 118.79561321 149.09419513 178.70110252 237.86025642],[3.30459229 210.68305712 0.47334973 7.4116761 0.37308838 0.44759194 0.36415519 0.74091002 0.61105132 0.99826029 1.14709886 1.60302818],__,-41.71999999999997,306.4161655291343,0.010236308141441641,
20190214,528445164,1173,1550158750.7401662,109.33281518406419,124.5916115475075,5764.571682785425,[60.116089 120.2680552 179.96613942 239.36485847],[3.17533951 288.81874818 0.81468773 8.03693797 0.4601755 0.74837611 1.15721278 1.69132934],__,-42.139999999999986,304.83655446335166,0.006912422694454209,
20190214,528445164,1176,1550158771.447178,110.9529948435281,121.72178008022728,5083.167699445194,[29.5961651 44.63222641 60.55594201 120.93905672 181.5781171 243.91864306],[3.06596961 193.90220819 0.49617964 7.74354175 0.40133792 0.44769943 0.28544163 0.50925359 0.87105128 1.17980434],__,-41.619999999999976,306.7964381033671,0.007635249063131743,
20190216,528889538,1223,1550357056.088963,96.58853825611627,118.2057819974174,5564.782792289996,[30.54418578 61.15807286 122.44437551 183.54743527 244.20831206],[3.01153673 315.72201867 1.06565191 8.10640455 0.49704287 0.36268648 0.61698934 0.97262089 1.41244309],__,-29.589999999999975,306.90516793984443,0.0352338507762501,
20190220,529597826,1131,1550702054.665057,94.21853391398781,112.8362968451779,6020.847840469635,[15.23619196 29.97128556 60.86354475 122.02295034 183.05329547 243.98453213 81.23377216],[2.92375935e+00 3.48288554e+02 1.33137719e+00 8.37624580e+00 3.33990172e-01 6.30447713e-01 3.40785130e-01 6.08268681e-01 9.69509904e-01 1.24414446e+00 6.02335788e-01],__,-38.20999999999998,303.20534648924234,0.027608399445616705,
20190222,529813043,1180,1550804938.349272,90.29011930890366,129.0885445559975,5533.655376291837,[62.40801093 125.19810726 187.01737786 248.49250806],[3.08029477 313.18576593 0.94804803 7.52367998 0.3489993 0.6332399 1.0690361 1.40752865],__,-43.73999999999998,308.8126611982754,0.09685867774817765,
20190222,529965781,1250,1550876927.4416323,106.86912078805753,138.72449544804314,6057.746612468218,[30.42462295 45.77710017 60.6024817 121.48192502 183.47186705],[3.27605587 263.06937009 0.63154398 7.45994916 0.40628663 0.43556109 0.39450862 0.69832832 1.24906586],__,-43.24999999999997,304.2470338648591,0.01535361123154476,
20190222,529965781,1251,1550876922.2903926,107.28170981763374,140.20562766109586,6055.507687871006,[30.37515241 45.20935963 60.30188042 120.71900022 181.67500939 243.68869611],[3.29089491 245.68803573 0.64393277 7.39048088 0.46971755 0.49324435 0.35583098 0.63023791 1.08522069 1.48771513],__,-43.24999999999997,306.6347674092647,0.011401572005299804,
20190222,529924368,1122,1550858592.202579,108.09951324896305,95.02397924547165,5839.00957501017,[30.50981379 46.73914998 61.39266416 122.65981153 183.29497994 244.54848161],[2.57235249e+00 2.69984960e+02 8.38717217e-01 8.37438908e+00 4.24450123e-01 4.21968014e-01 2.61899104e-01 4.24555579e-01 6.61281474e-01 9.13460890e-01],__,-47.109999999999985,311.6678507535645,0.00811595292510348,
20190226,530637329,1072,1551201895.8049939,104.36835016587361,103.23516091913896,4861.6083212471785,[63.59877924 127.99758571 193.0206562],[2.84875264 330.50896791 1.24559292 8.85163036 0.41457284 0.86489357 1.27723194],__,-28.70999999999998,326.45400361374755,0.03151588871409034,
20190227,530718012,1160,1551235840.9670424,106.02274612940278,128.06816634615106,4484.803195007073,[32.1542892 45.79246551 62.08820535 124.31662305 188.11672157],[3.14995144 256.45688403 0.66406158 7.99213458 0.72682963 0.61292163 0.3992953 0.71704137 1.17129808],__,-26.649999999999977,323.5916554401549,0.040327195222043616,
20190227,530837746,1184,1551290837.3574698,110.61101937796136,141.30569346595468,4199.666239371893,[30.50698904 46.07397113 60.56999778 123.59473833 185.93214473 246.04352771],[3.28021901 166.50592553 0.4488469 7.58025549 0.41829016 0.51658199 0.29629075 0.59911484 0.9868211 1.22328872],__,-26.119999999999976,327.3615724094816,0.01571106160906721,
20190228,530900752,1138,1551314158.1376908,98.50331914929573,111.79715377828349,5525.66555790086,[15.60838497 47.7649949 62.3984603 80.9620238 124.829327 186.97736943 251.18938946],[2.85666679 259.26968651 0.79132632 7.99611107 0.31480505 0.46158239 0.27844152 0.52093885 0.49430664 0.77025479 1.09132905],__,-31.44999999999999,313.82800159476466,0.01573795449161417,
20190301,531225442,1150,1551467152.242727,108.14439192053578,121.57858366181198,5097.710147945203,[14.51598353 30.33830356 61.10909415 122.22896173 183.07807818 244.72018147],[3.05251413 205.783987 0.504507 7.83544386 0.43450741 0.40342462 0.33576629 0.54282605 0.84318743 1.12211612],__,-31.059999999999974,312.7182590139064,0.005759684291743603,
20190305,531760390,1128,1551748140.0852158,96.81947733559613,135.10904731830846,5655.955365088253,[15.28439561 29.4837607 45.1139387 60.26355099 79.79060799 120.60275542 181.4275512 239.21951816],[3.12085817 292.06775172 0.64554965 7.23645982 0.42355174 0.59029815 0.59887058 0.37668152 0.60381128 0.68337906 1.15469068 1.59734426],__,-30.819999999999965,314.4095427950898,0.08929586260252151,
20190306,532115657,1125,1551911149.3292792,73.8881002065199,106.42003655803214,6611.054766652109,[16.70266376 65.16138644 132.91774834 201.61173433 254.0094351],[2.56559855e+00 4.16013922e+02 1.89803996e+00 8.86624492e+00 4.19819943e-01 3.86676663e-01 7.70100124e-01 1.16043435e+00 1.40981416e+00],__,-35.389999999999986,312.70163265226313,0.13732806844130602,
20190306,532080023,1100,1551891690.103838,88.41946198714408,120.40177796963702,6668.978787759805,[14.16913166 30.17781329 45.07558744 60.1714367 120.85441398 180.7393981 239.80953313],[2.88007789e+00 3.44063507e+02 1.10715149e+00 7.79903687e+00 5.07565357e-01 3.12606220e-01 3.77160793e-01 3.42450850e-01 6.27716267e-01 1.06664185e+00 1.40368198e+00],__,-32.76999999999998,305.8527398548668,0.04884792616985342,
20190307,532131051,1120,1551922574.287802,97.95816799170055,116.99960350880768,5367.027763350835,[13.4609886 30.7510514 46.51434947 61.49651666 78.85450648 93.47469661 122.99597533 184.45064148 244.25245011],[2.9376918 295.02537626 0.82067337 7.77527612 0.38565872 0.36235136 0.49986523 0.33015903 0.5550453 0.64769335 0.57533289 0.93356779 1.24323074],__,-34.639999999999986,311.8238577280914,0.04645300933449606,
20190309,532520957,1062,1552095613.8992298,65.95436933725695,111.0856854770332,8278.921218303682,[15.25218692 30.17201841 61.19339534 122.57378663 184.45947618 245.48543031],[2.62906673e+00 4.22750378e+02 2.11689083e+00 8.67539319e+00 5.37756129e-01 4.53107953e-01 3.72981138e-01 6.89904372e-01 1.11399108e+00 1.49915125e+00],__,-35.91999999999999,284.5557153193611,0.08931023843063247,
20190311,532880874,1118,1552274913.8739796,106.57108725195883,119.95557593767056,5170.361804563831,[15.53239153 30.65386687 48.30582384 61.48113216 123.28041496 184.99985786 245.59497062],[3.05516585 212.93958058 0.63356175 7.75763867 0.31472182 0.58650349 0.45596063 0.27524208 0.45315192 0.70437111 1.02508991],__,-40.309999999999974,305.523448250759,0.011813590473337042,
20190316,533819833,1116,1552707128.6759079,106.3269430542567,109.83067180515803,5660.42034790336,[15.11419171 30.79651643 45.82047235 61.67818881 80.18033271 91.53645407 123.34981617 184.64904765 246.23377278],[2.87469821 256.03029604 0.86605441 8.10434632 0.37158651 0.41251004 0.5642936 0.26511273 0.52645026 0.61437661 0.40196986 0.66642024 0.9425546],__,-36.39999999999998,308.0546436502889,0.007828606155071662,
20190318,534251910,1153,1552919632.0747626,106.76137479196707,133.18159707204376,4132.7573636064235,[15.16361689 31.18082001 46.42871904 61.65801483 123.38879044 188.494623 240.99979975],[3.19748404 160.39881934 0.33718175 7.65303116 0.41610361 0.47988229 0.50942628 0.34496378 0.61659683 1.14234216 1.33278142],__,-38.41999999999999,320.76027327221607,0.01619197001708258,
20190319,534369939,1085,1552966412.5276167,110.3891944566195,103.62808509594197,5482.453874412954,[15.25616435 30.47193266 46.07277943 61.08744945 82.23821391 121.91743484 181.9595968 243.27132286],[2.74934035 248.04878392 0.75866437 8.26319408 0.28609766 0.36418674 0.49697373 0.27122397 0.60150862 0.44649872 0.62188029 1.12321561],__,-36.50999999999999,313.33721067692454,0.00563523540580734,
20190321,534866445,1121,1553184249.4818165,105.73655345043757,118.73782959108483,6133.527726198281,[14.65849406 30.16304376 61.34256377 81.98351066 122.75982333 183.76270736 244.97697653],[2.97996451 245.37580238 0.67770357 7.81134934 0.39453938 0.45137379 0.29459387 0.48955078 0.49880171 0.84875596 1.07817617],__,-32.39999999999998,306.0326965250503,0.006755705420676732,
20190322,535141599,1116,1553298570.0503075,107.73151180012745,100.77825775216697,5651.240434458035,[15.57681487 31.06213 45.05343281 61.18455026 122.229307 182.81959225 242.71858348],[2.75516893 306.69917006 1.01527587 8.54444828 0.48036824 0.5372151 0.58504144 0.32910835 0.55944918 0.85436175 1.20390723],__,-29.349999999999966,314.7470051348242,0.009550724253438237,
20190323,535250369,1157,1553352566.5829217,108.11358854613022,129.06064512023295,4836.378079886301,[61.51049395 123.48057472 187.00753662 244.22157156],[3.14983697 226.79575281 0.56446243 7.76707819 0.36057433 0.6594927 1.17275358 1.35186099],__,-28.669999999999987,317.89291034579526,0.01962859813837908,
