32.83467741935483,150.29761904761907,1550172020.278933,
53.99193548387095,218.6147186147186,1550172020.278933,
